0.13617089575763197 -1.0634653475110207
-0.8787296246100019 -1.553324379356802
-0.8408127674787489 -2.0721360952429615
-1.1267958279292716 0.1634428421157187
0.8104193218633231 -1.6225110328337902
0.3298804758020082 -0.7051852572216118
0.8226140139074509 -1.7942253583785281
0.5740466420853356 -1.8176895066290664
1.4675466977450755 10.439902267063413
0.4731511907260635 -1.078917843945585
1.2599996048823394 3.4160155294976757
0.028418512149150033 -0.7592065475755486
0.16374949377277548 -0.48061134050888277
0.37649283156582314 -1.2756199728448405
0.5916480194796994 -1.5321059505959782
-0.11436504329891406 -1.6503152323153625
-1.1848783381524663 0.7389626860974643
-1.4664230860709528 6.671984051055216
1.3154087002757309 4.318849704268274
0.5930038882930599 -1.8222975440035962
1.1195933453692182 0.40203150308294344
-0.41674800504877485 -1.8777835766041266
0.26899038157737554 -1.2991301553559902
1.4731754717951153 11.289116329804632
-0.7343261252562088 -2.4280037015888185
1.2402567466304784 2.619436424768322
-1.3650620143572398 4.262201498746903
-0.8951024714937913 -2.0848022962593316
0.6272179431929001 -2.012375969823867
-0.9335523683641652 -1.2519294499222524
0.5624926816299363 -1.7703417720696262
-1.2311043449160826 1.4222362429835265
-0.6065666676377581 -2.102536112604557
1.2192607944010403 2.460135828297057
-1.269448059911808 1.9725239116003408
1.470596178126463 10.577666869234184
-0.1666508057501339 -0.8408833068078083
1.0641260480560737 -0.11384057203202225
-0.0740495497043927 -1.5306005289128803
-1.1985884483687328 0.9664801040897328
0.6439631918957076 -1.8254708539839484
0.28755303939509824 -1.0239479323081073
0.4612788450158196 -0.9521748926344535
-0.34969370418829615 -1.404814878628883
0.5812871088505438 -1.152146222842823
-1.102393175767487 0.26345354567904467
-0.9935398611472128 -1.0791117633861305
-0.4726375637042608 -2.477971757772553
-0.6764913289278804 -2.616942322554589
1.248493002401056 3.1799100814764945
0.15830223293624646 -0.5060952127616658
-0.9889368543148389 -1.3605390876838843
1.265489347728833 3.2793304233383753
0.9759696223918817 -1.3896610914356446
-1.1777549713396023 1.2465954636574672
-1.4189862076317528 6.100075266715258
0.6938155839860789 -1.5334781095998329
1.4803063401666972 11.880009383635779
-0.7694786250735464 -2.539684391645905
-0.1521819072638113 -0.755354965567023
-0.458376208950817 -1.8071647726468427
0.3435083327145152 -1.291931058357463
0.17095005633544713 -0.7041215415636547
-1.0581704671789796 -0.9680771498271981
-1.3275833417032596 3.9552691441498773
-1.1824760019801022 1.2724590478284181
-1.249419841459349 1.6963171842250098
0.5724953308222789 -1.6697030329305327
0.3920897493220399 -0.8739575832154098
-0.7298446945285051 -1.7145942114683816
-0.23159491473877236 -1.2581082460934416
1.020012860670982 -0.6967904967248931
0.6383877125039881 -1.794174262110213
-0.7746100151600569 -1.7039365528195627
0.5213650490763988 -1.9651760742579238
0.07101672451955388 -0.8420556790279766
1.0470080173933467 -0.6826843396068526
0.3848731885081349 -1.2793117527706712
-0.38214286248379503 -2.039626504846162
0.6600154778848935 -1.6364277406933745
-0.15642829600209973 -1.2168806607458724
0.7672385079869173 -1.7027404755229125
1.1229713965885257 0.7732787810799533
0.7282960835744894 -2.1558541569942418
-0.7393205190645513 -2.0456293616442855
-1.1479836853246477 0.780014083321224
1.1096713850579274 0.010817869334550423
0.5620161486546413 -1.5345764054395565
-1.0707280780692263 -0.32791553418414165
0.36483888121551056 -0.919791960952958
1.4401389603687709 10.039697572887501
-1.3787985829063287 4.989789965598895
-0.5564872551740191 -2.381496372272941
1.0906602310491884 -0.5050715296569479
0.35150078840324417 -1.2914614903708643
0.6213676559177688 -1.3656115711840648
-0.9515862338818297 -1.6589894752640983
0.851710150174771 -2.0866630026828865
0.1701560920976064 -1.4287279026167634
1.3794864862243337 6.739238852441999
0.1494203140281678 -1.4189276090913352
-0.4630993113087505 -1.7696281337922397
1.2289244945635405 2.7086352501668207
-1.3139875583041012 3.44793309834388
1.0931756260590415 -0.3678030394866052
-1.180595972665931 0.7067369337651955
-0.18876789171833708 -1.0772643557835786
0.21469114123562472 -1.2946125935840507
0.41868357284168156 -1.5613761525066092
0.9491206400868415 -1.5106599139622903
-0.303444983413268 -1.9224687648656953
0.23186722182368813 -0.7767336899845653
-0.47191219045693034 -1.8222337057828004
-0.2432436624990446 -1.3476401304813057
-0.3686608739739614 -1.474539611058741
-0.38299011579293785 -1.761430418262258
-0.5237135045311523 -1.861813950960243
-1.2437734816899053 1.6986259328814235
0.799614172354282 -1.3410875666003073
-0.5438237155043261 -2.362931571735054
0.32860110781889595 -0.6748466875445086
-1.0178923331650942 -0.6299748817934794
1.1175223563131125 0.38087565800175427
1.2201298419664774 1.8346335917911945
0.28571833376534883 -0.7087036280303847
-1.051147073801864 -0.11939939252704057
0.9259778943919397 -1.289573887022092
-0.7111664156102854 -2.378457757650833
-1.4748765896504414 7.648003369490745
-1.1315074775470475 0.24243579175942076
0.40567910065702173 -1.298935546030828
0.3340367411177323 -0.7615434308114457
0.4582445445679477 -0.893695226235604
-0.9864637503756224 -1.3226475064479808
-0.21131069280282055 -1.8054049312435867
-0.17832679231606186 -1.4394207115647997
0.8525254196870153 -1.6603902301437183
0.8617974273103046 -1.9038833013697494
-0.8091933924040061 -1.8602621458040347
-0.3542093937576878 -1.835031522291621
-0.982353037572384 -0.9078988386415653
-0.5901428274808247 -2.137275441968545
-1.3610587432743437 4.613018690798348
-1.344270741500941 4.1705945629567855
-0.9948852264382477 -1.4073835602713245
0.7918873915624056 -1.5887862841134872
-0.38228136743965546 -1.9333010952122778
-0.4117308527336947 -2.0273388766793725
-0.47956738574896507 -1.7212193101111513
1.090551534844316 -0.057424327692954025
1.209527241504805 1.9946063450873162
-1.3335361072832193 3.864185967829597
-0.0029203752806634675 -0.8438703803630733
0.976701542719395 -1.6144675018346661
-0.3477694553460555 -1.1981678195043668
-0.1231193088126763 -1.1483424099659403
-0.9684889806117237 -1.1375666014190147
-0.43540977357467225 -1.6919839521285596
0.8887607230228554 -2.025993588892632
0.6869644602991802 -1.739116161119169
1.1284000915302568 0.18086804858281136
-1.3806827783110236 4.710225545560425
-0.5671863714503294 -2.0817254429530436
-1.2857544817774507 2.7428397214858027
0.4553406233671786 -1.209366669083355
1.0032278260689682 -0.6929465785070367
0.6248638659251076 -2.014101754692211
0.6091091973155369 -2.1831083628111845
1.0562289875327724 -0.021607112454493427
-0.0020169412022461586 -1.2027792677584033
-0.8972821114051553 -1.445564005117321
0.1628460717644662 -0.8296576689815658
-1.2774564617400315 2.602212893240057
-1.1109800810893322 -0.33549434323727156
1.0608247915960791 -0.6846075147529123
1.4027018029527198 7.955857117252825
0.4717413158187236 -1.4490036470740588
-1.0508793501885738 -0.9451207603715481
-1.377436756632051 4.655780740943292
1.1856455727577173 1.1845725114567847
-0.6680104491929746 -2.46402093131796
-0.29219079624936395 -1.3827295774648634
0.39972309925833915 -1.1349025256364942
-0.4474252549530471 -2.0596929718309913
-0.11754780701384071 -1.0184788956418558
-0.8567051456944191 -1.542726601784954
1.063400429439389 -0.5563392919436395
-1.1453239109710622 0.887439577550073
-1.2516515181236199 1.8085821394550399
0.183680144509472 -0.9554518103870588
-1.4994749372522187 7.6670824576209915
1.4136610482677923 8.103735339507983
-0.9999960597337215 -0.5580069816743708
0.654153275180632 -1.699708965308441
-0.11976059848614051 -1.5033321179665848
1.227594562002872 2.478256847453631
0.15511141134899997 -0.84204622976426
-1.4431171412927288 6.651245999924727
0.704346603067274 -1.727285635385763
-1.0159645186242696 -0.7921400209912216
-0.7665785745967393 -2.50864707297296
0.3203341370099422 -1.2871447099478952
-0.333952379409308 -1.6624051801451392
1.3922082436679872 7.744122025529742
0.0630806566711597 -0.6368604155001176
-0.5952747181586633 -1.8399861037482461
-1.1088143316041617 0.07378067893172102
-0.40407626460630475 -2.026769850761679
-1.2121633388846318 1.221798234406465
1.4003427196833127 7.803872443743511
-0.11378358034890534 -1.3057642935490588
0.178968359149271 -1.325890419460125
1.2743286168326042 3.3437613276317633
-1.494565922950931 7.918889340345519
0.26712332864936483 -1.4278533270578793
0.024680687927788547 -0.7577978546756245
-0.13131821158060641 -1.1014042757232934
1.0203972637672702 -0.9260270476400961
0.09349631859021512 -0.5546964990224065
1.0414329113096237 -0.8134233870910536
-0.2983747640986576 -2.030707669299459
0.24498489355306297 -0.9233807370020991
0.3819931152062821 -1.3484874578262307
-0.4842623134179569 -1.595427465378752
-0.5086489963880054 -2.1176413985449845
-1.084757239391535 -0.46956961060863933
1.1234010872283506 0.15704118662805566
-0.3953020655241475 -2.2554457375968657
0.5433340637633299 -1.8030365988797135
0.06690061043216522 -1.0410471637471335
0.8775196116265689 -1.7667164920848708
-0.7704817520298335 -2.0008096176020365
1.3963311383352721 7.777546021761973
-1.038065651735684 -0.8237873080952485
0.770080444642598 -1.9555152538940228
-0.6182021992137047 -1.9442661430950139
-0.6862224377324447 -1.6924413122320248
-0.5349812943426816 -2.407884045490988
1.4659256918670684 11.046576499265157
-1.3956777159170153 4.816486983693812
-0.4301989955146954 -1.9531733166513439
-0.9934114972302001 -1.4097626603436635
0.44266177479854907 -0.8563689639717713
1.1580740203665263 0.6072235542477563
1.2290705168376972 2.130905463778963
1.0192275045230392 -1.1246765760792026
0.6390083389378938 -1.9382244296897189
-0.86282036167746 -1.8824841141178226
0.8696996604258249 -2.0721961363509003
0.4841039693419398 -1.3887191570217752
0.3020604337989443 -1.1133978779558478
0.5435128706092764 -1.949432829581402
-0.5515771724003653 -1.7456828088560696
-0.025829117208570285 -1.3558260940002707
0.6076834239795197 -1.8583064615296971
-0.9173277169976572 -1.841385926283489
1.2572630397135014 3.044671721007104
0.33085066773437255 -0.8335112753757795
-0.6217413288989803 -2.6066198946298833
1.1930519663172703 1.7126912117731532
0.670910450679008 -2.0253071628124086
0.8609218939353034 -1.5323254136195583
-0.02800093421903327 -0.6389230733299524
-1.4302753804797788 6.433159422146501
1.134029724645782 0.28129365440343623
-0.3096721542087093 -1.1411093139054107
-0.8319465894282876 -1.5184491802591906
0.19485507780499045 -0.9425329175185853
0.5877156296076715 -1.5881895748321355
0.6616250299077837 -1.3987017990165067
-0.37838227279874737 -1.7662125164168028
-1.363636621229523 3.9968127603762116
1.2843152611342736 4.052668346333153
0.9117906541863068 -1.3118777567758388
0.21327300313943054 -1.2265739414264807
1.1265563368981955 0.13407555785796155
0.689835634528063 -1.7059007484141333
0.017107450714496153 -0.9336738064181945
-0.6332326162297446 -2.407732754265985
-1.317554286364388 3.383723529493432
-1.0768446051167335 -0.714669972379114
0.3418456117328197 -0.7291155900307065
-0.8405376077511586 -1.7308805054506977
-0.7205273091076342 -2.331091388126526
-1.068740102563209 -0.21140515711372077
-1.022541286598217 -1.1049152644170044
-1.2003390178419897 0.9818072436343095
-0.1596437341314183 -1.3610661644018154
0.3497175806728976 -1.0680629664727657
-0.5909851057893464 -2.35270497712714
-0.20496283849473818 -1.356770071020419
0.5507854761879996 -1.312009753933741
0.7476167728132341 -1.6275902062847507
-0.20442066426293626 -1.1644470162326335
0.8863848814164461 -1.3751110967086118
0.7636730509033978 -1.704846426804306
0.7061820834997059 -1.3274966641719546
-0.49873075445669945 -2.3947805894845526
0.57090630804645 -2.0624364827933763
0.5036903739952878 -1.2190032429574655
0.9302882472525171 -1.3538079889143955
0.26369817222960124 -0.7744261417599783
-1.210743745358184 1.0564496252635935
-0.6661983534959974 -2.1028782509849817
1.3420910398974444 5.833426121332359
0.13652980189840402 -0.5272132246994787
-0.8994360571925203 -1.8495633251010282
0.09551639630867514 -0.5689796372046471
0.855993603931247 -1.6055294309541872
0.09285862484341223 -1.1965410017247682
1.4196486687468566 8.282535692685231
-1.2154210854027745 1.912172848208424
0.28416661937696697 -0.7062651386634825
-1.0738618194890281 0.16596657011279792
0.14064949299560436 -1.2863646489769969
-0.42618634371785236 -1.7235674394680833
-0.4281580251492183 -2.2672503704424987
0.8353731743122661 -2.130111061602511
0.22128707168848094 -1.2166503547631753
-1.2551552859803699 1.853183239503081
-0.6884021386978946 -2.151965892191735
0.8312962413890572 -1.9675341434109326
-1.4480233473557345 6.216711933119634
-0.9595905910848113 -1.097379967370983
-0.7641461073832588 -2.1418401143204973
0.8502472378851471 -2.046380723833396
-1.3159889527878317 3.2015710420986734
-0.30101721117942626 -1.4857925120779103
-0.863203611632793 -1.6272600334850462
-0.7875264226996375 -2.5281822805034113
-1.2589684940706565 2.2683189159385817
1.1834336360986817 1.5306646634950916
-0.5870492981840693 -1.6741095921845637
-1.1884286523261953 1.1936679529495084
1.0880069853135645 0.17330686261185302
1.365430094513993 6.450658393371452
-0.808379249192826 -2.3192197343420267
-0.8282154574691397 -2.15737061304348
0.08193859390185088 -0.6351882556882406
-0.32268727684245446 -1.86646779748924
-0.273586225407791 -1.663934662457439
1.2598824319133493 3.6188108469956415
0.9785092354725191 -1.386933710815026
-0.5068445212996637 -2.1728302181006427
0.5190694683952342 -1.3844456110212098
0.6883333228487256 -1.5249549204737263
0.818896779831638 -1.3613288024959753
-0.2492680802059013 -1.7941987031866258
0.3648117646337039 -0.7917500102089327
-0.3035067172855146 -1.3828334008774557
0.87096941564511 -1.5631174299843913
0.5761062631954208 -1.7007303148847959
1.2704428819871456 3.271145389128599
0.04652867835073149 -0.8695631778862946
0.9490826556361869 -1.548405716998568
0.42256714422569397 -0.9555539508870482
-1.0556029604897974 -0.6161164377751116
-0.2792084709398588 -1.5848131045013778
-1.3133048042335727 3.7378284586366757
-1.014375730063599 -0.9602164254866927
1.3079740157775182 5.005911285706638
-0.9426335854104262 -1.1589311250514802
-0.4139758954517123 -1.4760675165783497
-0.094215098829173 -1.1432065802061264
0.22697037493930572 -0.7754540200364878
-1.2894931590027778 3.0733902091230143
-0.5810428523956233 -2.5609088517542427
-0.9791696257565666 -0.8730228697971586
-0.5870724661531718 -2.1395755596568473
-0.42731860752679096 -2.3241473088786577
0.3034411813513862 -1.3177715643190355
-1.3206889934122827 3.617119778941753
1.1932150509201773 1.170377311009223
0.5449468344100548 -1.8595664771475964
-0.47043493087576094 -1.765834212714078
-0.6230224816181874 -2.3217145445158565
-0.4008318008411256 -1.6646199889845352
-0.20763206300262826 -1.166010837471644
-1.0404432534775403 -0.5085341807668777
-1.2721313667445853 2.1098296911626777
0.971498896871672 -0.8155143477049255
-0.1287978095344089 -0.9817768964529716
-0.424087803609682 -2.2369270709060203
-1.4682269875609717 6.733231542493265
1.0321976056628621 -0.5508903647679849
-0.13543115402304706 -1.699523173952664
0.5018755355296536 -0.9899084146896711
0.4497844925551271 -1.07910377345557
1.122146096265923 0.5612604225688119
0.41331998390198765 -0.8384931195183453
-1.4315109759112041 5.586740903230081
-1.4503308386081621 6.216138529056314
0.05365969759018352 -0.681436082431943
0.27883355756977823 -1.404758161064258
0.25243173033990907 -1.3693764228334673
-1.267236244051212 2.857653902270643
0.7771767614523819 -2.1632578422512823
-0.17555377401105665 -1.6474109255892646
-1.4411347181914256 5.932369750027171
-0.19587722284309006 -1.4200098364149794
-0.18868463348146025 -0.987977355713061
0.5522449625027304 -1.1960808220010448
0.17350586015101932 -1.2089017737984853
0.6976344537623484 -1.9642083445362468
0.13551564212853817 -1.0381053217643288
-0.41806320485465376 -2.1782884082374627
-0.04185906220195923 -1.2316394612906456
0.1178235085698045 -0.8690067682087022
-1.0055145667005996 -0.8909254073224746
-0.2914855636828848 -1.8395700958875365
-1.3861902874046423 5.233713778906326
0.6100597195966415 -1.518730222036896
-1.1863300101909124 1.1269009532815715
-0.5745626412887385 -1.82907836226798
1.0858658502181395 0.319835099763887
-0.17910912246641342 -1.4639630453252925
0.17496239482842335 -1.2754313640454509
0.050046499793011456 -1.2595789710502694
0.0351407976854583 -1.059475217199304
0.4602192885255534 -0.8986575948871677
-0.4481246510522714 -2.308620241367372
-1.1620680494018714 0.5061597405408631
0.44942804354001176 -1.069070980062317
-0.7729600457181561 -2.337636168634025
0.25339136034191556 -1.0365890577284023
0.7229715652824162 -1.7518854656728058
1.2195047328242925 2.4772777619270068
-0.28954022030507987 -1.7544862346194896
0.775711040499198 -1.9510878196357981
1.069760227168917 0.09175240820490471
0.2539113029911977 -0.6058359386735277
-0.9722839929677598 -0.7531602750783225
0.5111189478935483 -1.68229234704118
0.575147640669115 -1.4946734510494721
0.4567070911504352 -1.1821103884514337
0.7109133833425401 -1.8753007285073608
0.5131833933200105 -1.1357376423360646
0.2056036919208748 -0.9657391110249084
0.6424206341871868 -2.11227540998181
-0.8958022539490124 -1.2978875535191787
-1.2324880932010798 1.9320965389358253
-0.19286925491387907 -1.043365655159986
1.2124136179827651 1.7644772101346482
1.2830856898467884 4.147460116675952
1.1672786233059513 0.6577196034207496
0.774440374880816 -2.0288249654594885
1.1668772196254635 1.2347340485972662
0.25766905036953514 -1.4244499964400401
1.1427437449638527 0.9138464236918534
-1.083885583629709 -0.2587818510286395
-0.22332075995220313 -1.195960447353149
-0.028588032100175464 -0.9118092622648126
-1.3560163161143124 4.075727383869763
-0.5975315191969935 -1.9065283648770572
-1.0107183126002632 -0.45819366585572596
1.3572603617957828 6.605309286522311
0.926050098703898 -1.6838836898124745
-0.5671628296847144 -1.9100534179975972
0.3929460239518354 -1.6240298730334959
0.46278227178501785 -1.318829348500192
-0.6642231463418959 -2.360138168695333
-0.9910011502925503 -1.3760138893115905
0.31344656385227876 -1.1868093887238886
-0.593942421899125 -2.1480409923035255
1.0494536720695056 -0.5147928741712028
-1.0485402777860378 -0.9074767702598675
-0.6324905643025572 -2.479489250276734
-1.3259643763722602 3.6996291465594826
0.4605857589439539 -1.0184562080212438
0.0453157603720058 -1.4452672189607192
-1.4528032744779353 6.723175572425074
0.025080658203999073 -1.421801134359502
0.6669568010753109 -1.3005792268385714
-0.04758983980088649 -1.0692608284329417
-0.3405460929274038 -2.1056584972349337
-0.9925777799123354 -1.4525749108348107
1.2562154911090992 3.2624493268530874
0.27650703790323106 -0.6538156233907856
-1.3049603838236914 3.1451976767212146
0.8552305311954704 -1.941672935896959
1.3392035874350796 5.628964186439738
0.9181980315074489 -1.593684049865912
0.45105679249112596 -1.618766038783274
1.2740351163557921 3.362248920381658
-1.46975557297703 6.758028086207025
-1.3937375404424386 5.02766951248878
-0.5186967156761366 -2.0839308110517125
0.3772050915090519 -1.2764525927521582
1.3236105512704488 4.960706970833187
1.2421977216464275 2.5368059304225854
-0.8013388143289939 -1.9614580168133262
-1.2147894842617348 1.1831981389882027
1.0653894290328796 -0.645184275320629
1.4446411964203203 10.228832066996342
0.7037436940736983 -2.2090198149216462
0.6493833191186251 -1.8338243381691877
0.4699658251452026 -1.2375834755899546
0.4303997630076981 -1.6969488723812787
-1.335982515608203 3.606290167896784
1.1118961954404005 0.6510525103385065
1.3803395080327725 6.6832052261372645
