0 4.174517931912594
1 2.886041505322507
2 2.5292039713289083
3 2.131388787109063
4 1.8941260357336187
5 1.6962341072471037
6 1.5548794263158316
7 1.4459995226117126
8 1.3650757012979713
9 1.3038943473630185
10 1.2580149057891097
11 1.2234766395303103
12 1.1975244452706602
13 1.1780066840545402
14 1.1633342825917181
15 1.152302157195699
16 1.14400794879734
17 1.1377718876711869
18 1.1330833640570235
19 1.1295583058157552
20 1.1269080105416311
21 1.1249153963097507
22 1.1234172587923557
23 1.1222908906570108
24 1.1214440359372642
25 1.1208073320253422
26 1.1203286290839731
27 1.1199687184450484
28 1.1196981212650026
29 1.1194946740025113
30 1.1193417131015428
31 1.1192267101422368
32 1.119140245689209
33 1.119075237782596
34 1.1190263618830405
35 1.1189896147597806
36 1.1189619866019307
37 1.1189412144968427
38 1.1189255970839043
39 1.1189138552028675
40 1.1189050271228977
41 1.1188983897710398
42 1.118893399508168
43 1.1188896476016774
44 1.1188868267478096
45 1.1188847059016322
46 1.1188831113530584
47 1.11888191249895
48 1.1188810111459297
49 1.1188803334677533
50 1.11887982395849
51 1.118879440886263
52 1.11887915287515
53 1.1188789363352998
54 1.1188787735307963
55 1.1188786511269704
56 1.1188785590982087
57 1.1188784899068016
58 1.118878437885556
59 1.1188783987736204
60 1.118878369367486
61 1.1188783472586206
62 1.1188783306361685
63 1.1188783181386543
64 1.1188783087424539
65 1.1188783016779627
66 1.11887829636656
67 1.1188782923732037
68 1.1188782893708176
69 1.1188782871134866
70 1.1188782854163224
71 1.1188782841403184
72 1.1188782831809612
73 1.11887828245967
74 1.1188782819173726
75 1.1188782815096474
76 1.1188782812031024
77 1.118878280972628
78 1.1188782807993456
79 1.118878280669065
80 1.1188782805711133
81 1.1188782804974695
82 1.118878280442101
83 1.118878280400471
84 1.118878280369174
85 1.1188782803456414
86 1.1188782803279487
87 1.1188782803146473
88 1.1188782803046466
89 1.1188782802971269
90 1.1188782802914747
91 1.118878280287224
92 1.1188782802840282
93 1.118878280281626
94 1.1188782802798187
95 1.1188782802784614
96 1.1188782802774393
97 1.1188782802766717
98 1.1188782802760944
99 1.1188782802756607
100 1.1188782802753354
101 1.1188782802750905
102 1.1188782802749044
103 1.118878280274767
104 1.1188782802746635
105 1.1188782802745845
106 1.118878280274525
107 1.1188782802744808
108 1.1188782802744477
109 1.1188782802744224
110 1.1188782802744033
111 1.1188782802743904
112 1.1188782802743769
113 1.1188782802743702
114 1.118878280274364
115 1.1188782802743595
116 1.118878280274357
117 1.118878280274354
118 1.1188782802743529
119 1.1188782802743515
120 1.1188782802743489
121 1.118878280274349
122 1.118878280274348
123 1.1188782802743489
124 1.118878280274347
125 1.1188782802743462
126 1.118878280274347
127 1.1188782802743464
128 1.118878280274348
129 1.118878280274345
130 1.1188782802743462
131 1.1188782802743467
132 1.1188782802743458
133 1.1188782802743469
134 1.1188782802743464
135 1.1188782802743469
136 1.118878280274347
137 1.118878280274347
138 1.118878280274347
139 1.1188782802743469
140 1.1188782802743455
141 1.1188782802743473
142 1.118878280274346
143 1.1188782802743462
144 1.1188782802743475
145 1.1188782802743467
146 1.1188782802743464
147 1.1188782802743462
148 1.1188782802743473
149 1.1188782802743462
150 1.118878280274346
151 1.1188782802743462
152 1.1188782802743469
153 1.1188782802743458
154 1.1188782802743458
155 1.1188782802743469
156 1.1188782802743469
157 1.118878280274347
158 1.1188782802743462
159 1.1188782802743467
160 1.1188782802743464
161 1.1188782802743458
162 1.118878280274346
163 1.1188782802743462
164 1.118878280274346
165 1.1188782802743455
166 1.1188782802743462
167 1.1188782802743464
168 1.118878280274346
169 1.1188782802743464
170 1.118878280274346
171 1.1188782802743469
172 1.1188782802743464
173 1.118878280274348
174 1.118878280274347
175 1.1188782802743469
176 1.1188782802743462
177 1.1188782802743453
178 1.1188782802743467
179 1.1188782802743478
180 1.1188782802743462
181 1.1188782802743455
182 1.1188782802743455
183 1.118878280274346
184 1.1188782802743478
185 1.1188782802743458
186 1.1188782802743449
187 1.118878280274346
188 1.1188782802743473
189 1.1188782802743458
190 1.118878280274345
191 1.1188782802743462
192 1.118878280274346
193 1.1188782802743473
194 1.1188782802743467
195 1.1188782802743464
196 1.118878280274346
197 1.1188782802743469
198 1.118878280274347
199 1.118878280274346
200 1.1188782802743464
201 1.1188782802743462
202 1.1188782802743453
203 1.1188782802743469
204 1.1188782802743469
205 1.1188782802743458
206 1.1188782802743482
207 1.1188782802743453
208 1.1188782802743475
209 1.1188782802743462
210 1.1188782802743464
211 1.118878280274347
212 1.1188782802743467
213 1.1188782802743458
214 1.1188782802743455
215 1.118878280274345
216 1.1188782802743455
217 1.1188782802743469
218 1.1188782802743475
219 1.1188782802743467
220 1.118878280274347
221 1.1188782802743467
222 1.1188782802743473
223 1.118878280274347
224 1.1188782802743478
225 1.1188782802743478
226 1.118878280274347
227 1.118878280274348
228 1.118878280274348
229 1.118878280274348
230 1.118878280274348
231 1.118878280274347
232 1.1188782802743475
233 1.1188782802743475
234 1.1188782802743475
235 1.118878280274347
236 1.1188782802743478
237 1.1188782802743478
238 1.1188782802743473
239 1.1188782802743473
240 1.118878280274348
241 1.1188782802743482
242 1.118878280274348
243 1.1188782802743478
244 1.118878280274348
245 1.118878280274348
246 1.118878280274348
247 1.1188782802743478
248 1.1188782802743475
249 1.1188782802743475
250 1.1188782802743475
251 1.1188782802743475
252 1.1188782802743475
253 1.1188782802743475
254 1.1188782802743475
255 1.1188782802743475
256 1.1188782802743475
257 1.1188782802743475
258 1.1188782802743475
259 1.1188782802743475
260 1.1188782802743475
261 1.1188782802743475
262 1.1188782802743475
263 1.1188782802743475
264 1.1188782802743475
265 1.1188782802743475
266 1.1188782802743475
267 1.1188782802743475
268 1.1188782802743475
269 1.1188782802743475
270 1.1188782802743475
271 1.1188782802743475
272 1.1188782802743475
273 1.1188782802743475
274 1.1188782802743475
275 1.1188782802743475
276 1.1188782802743475
277 1.1188782802743475
278 1.1188782802743475
279 1.1188782802743475
280 1.1188782802743475
281 1.1188782802743475
282 1.1188782802743475
283 1.1188782802743475
284 1.1188782802743475
285 1.1188782802743475
286 1.1188782802743475
287 1.1188782802743475
288 1.1188782802743475
289 1.1188782802743475
290 1.1188782802743475
291 1.1188782802743475
292 1.1188782802743475
293 1.1188782802743475
294 1.1188782802743475
295 1.1188782802743475
296 1.1188782802743475
297 1.1188782802743475
298 1.1188782802743475
299 1.1188782802743475
300 1.1188782802743475
301 1.1188782802743475
302 1.1188782802743475
303 1.1188782802743475
304 1.1188782802743475
305 1.1188782802743475
306 1.1188782802743475
307 1.1188782802743475
308 1.1188782802743475
309 1.1188782802743475
310 1.1188782802743475
311 1.1188782802743475
312 1.1188782802743475
313 1.1188782802743475
314 1.1188782802743475
315 1.1188782802743475
316 1.1188782802743475
317 1.1188782802743475
318 1.1188782802743475
319 1.1188782802743475
320 1.1188782802743475
321 1.1188782802743475
322 1.1188782802743475
323 1.1188782802743475
324 1.1188782802743475
325 1.1188782802743475
326 1.1188782802743475
327 1.1188782802743475
328 1.1188782802743475
329 1.1188782802743475
330 1.1188782802743475
331 1.1188782802743475
332 1.1188782802743475
333 1.1188782802743475
334 1.1188782802743475
335 1.1188782802743475
336 1.1188782802743475
337 1.1188782802743475
338 1.1188782802743475
339 1.1188782802743475
340 1.1188782802743475
341 1.1188782802743475
342 1.1188782802743475
343 1.1188782802743475
344 1.1188782802743475
345 1.1188782802743475
346 1.1188782802743475
347 1.1188782802743475
348 1.1188782802743475
349 1.1188782802743475
350 1.1188782802743475
351 1.1188782802743475
352 1.1188782802743475
353 1.1188782802743475
354 1.1188782802743475
355 1.1188782802743475
356 1.1188782802743475
357 1.1188782802743475
358 1.1188782802743475
359 1.1188782802743475
360 1.1188782802743475
361 1.1188782802743475
362 1.1188782802743475
363 1.1188782802743475
364 1.1188782802743475
365 1.1188782802743475
366 1.1188782802743475
367 1.1188782802743475
368 1.1188782802743475
369 1.1188782802743475
370 1.1188782802743475
371 1.1188782802743475
372 1.1188782802743475
373 1.1188782802743475
374 1.1188782802743475
375 1.1188782802743475
376 1.1188782802743475
377 1.1188782802743475
378 1.1188782802743475
379 1.1188782802743475
380 1.1188782802743475
381 1.1188782802743475
382 1.1188782802743475
383 1.1188782802743475
384 1.1188782802743475
385 1.1188782802743475
386 1.1188782802743475
387 1.1188782802743475
388 1.1188782802743475
389 1.1188782802743475
390 1.1188782802743475
391 1.1188782802743475
392 1.1188782802743475
393 1.1188782802743475
394 1.1188782802743475
395 1.1188782802743475
396 1.1188782802743475
397 1.1188782802743475
398 1.1188782802743475
399 1.1188782802743475
400 1.1188782802743475
401 1.1188782802743475
402 1.1188782802743475
403 1.1188782802743475
404 1.1188782802743475
405 1.1188782802743475
406 1.1188782802743475
407 1.1188782802743475
408 1.1188782802743475
409 1.1188782802743475
410 1.1188782802743475
411 1.1188782802743475
412 1.1188782802743475
413 1.1188782802743475
414 1.1188782802743475
415 1.1188782802743475
416 1.1188782802743475
417 1.1188782802743475
418 1.1188782802743475
419 1.1188782802743475
420 1.1188782802743475
421 1.1188782802743475
422 1.1188782802743475
423 1.1188782802743475
424 1.1188782802743475
425 1.1188782802743475
426 1.1188782802743475
427 1.1188782802743475
428 1.1188782802743475
429 1.1188782802743475
430 1.1188782802743475
431 1.1188782802743475
432 1.1188782802743475
433 1.1188782802743475
434 1.1188782802743475
435 1.1188782802743475
436 1.1188782802743475
437 1.1188782802743475
438 1.1188782802743475
439 1.1188782802743475
440 1.1188782802743475
441 1.1188782802743475
442 1.1188782802743475
443 1.1188782802743475
444 1.1188782802743475
445 1.1188782802743475
446 1.1188782802743475
447 1.1188782802743475
448 1.1188782802743475
449 1.1188782802743475
450 1.1188782802743475
451 1.1188782802743475
452 1.1188782802743475
453 1.1188782802743475
454 1.1188782802743475
455 1.1188782802743475
456 1.1188782802743475
457 1.1188782802743475
458 1.1188782802743475
459 1.1188782802743475
460 1.1188782802743475
461 1.1188782802743475
462 1.1188782802743475
463 1.1188782802743475
464 1.1188782802743475
465 1.1188782802743475
466 1.1188782802743475
467 1.1188782802743475
468 1.1188782802743475
469 1.1188782802743475
470 1.1188782802743475
471 1.1188782802743475
472 1.1188782802743475
473 1.1188782802743475
474 1.1188782802743475
475 1.1188782802743475
476 1.1188782802743475
477 1.1188782802743475
478 1.1188782802743475
479 1.1188782802743475
480 1.1188782802743475
481 1.1188782802743475
482 1.1188782802743475
483 1.1188782802743475
484 1.1188782802743475
485 1.1188782802743475
486 1.1188782802743475
487 1.1188782802743475
488 1.1188782802743475
489 1.1188782802743475
490 1.1188782802743475
491 1.1188782802743475
492 1.1188782802743475
493 1.1188782802743475
494 1.1188782802743475
495 1.1188782802743475
496 1.1188782802743475
497 1.1188782802743475
498 1.1188782802743475
499 1.1188782802743475
500 1.1188782802743475
501 1.1188782802743475
502 1.1188782802743475
503 1.1188782802743475
504 1.1188782802743475
505 1.1188782802743475
506 1.1188782802743475
507 1.1188782802743475
508 1.1188782802743475
509 1.1188782802743475
510 1.1188782802743475
511 1.1188782802743475
512 1.1188782802743475
513 1.1188782802743475
514 1.1188782802743475
515 1.1188782802743475
516 1.1188782802743475
517 1.1188782802743475
518 1.1188782802743475
519 1.1188782802743475
520 1.1188782802743475
521 1.1188782802743475
522 1.1188782802743475
523 1.1188782802743475
524 1.1188782802743475
525 1.1188782802743475
526 1.1188782802743475
527 1.1188782802743475
528 1.1188782802743475
529 1.1188782802743475
530 1.1188782802743475
531 1.1188782802743475
532 1.1188782802743475
533 1.1188782802743475
534 1.1188782802743475
535 1.1188782802743475
536 1.1188782802743475
537 1.1188782802743475
538 1.1188782802743475
539 1.1188782802743475
540 1.1188782802743475
541 1.1188782802743475
542 1.1188782802743475
543 1.1188782802743475
544 1.1188782802743475
545 1.1188782802743475
546 1.1188782802743475
547 1.1188782802743475
548 1.1188782802743475
549 1.1188782802743475
550 1.1188782802743475
551 1.1188782802743475
552 1.1188782802743475
553 1.1188782802743475
554 1.1188782802743475
555 1.1188782802743475
556 1.1188782802743475
557 1.1188782802743475
558 1.1188782802743475
559 1.1188782802743475
560 1.1188782802743475
561 1.1188782802743475
562 1.1188782802743475
563 1.1188782802743475
564 1.1188782802743475
565 1.1188782802743475
566 1.1188782802743475
567 1.1188782802743475
568 1.1188782802743475
569 1.1188782802743475
570 1.1188782802743475
571 1.1188782802743475
572 1.1188782802743475
573 1.1188782802743475
574 1.1188782802743475
575 1.1188782802743475
576 1.1188782802743475
577 1.1188782802743475
578 1.1188782802743475
579 1.1188782802743475
580 1.1188782802743475
581 1.1188782802743475
582 1.1188782802743475
583 1.1188782802743475
584 1.1188782802743475
585 1.1188782802743475
586 1.1188782802743475
587 1.1188782802743475
588 1.1188782802743475
589 1.1188782802743475
590 1.1188782802743475
591 1.1188782802743475
592 1.1188782802743475
593 1.1188782802743475
594 1.1188782802743475
595 1.1188782802743475
596 1.1188782802743475
597 1.1188782802743475
598 1.1188782802743475
599 1.1188782802743475
600 1.1188782802743475
601 1.1188782802743475
602 1.1188782802743475
603 1.1188782802743475
604 1.1188782802743475
605 1.1188782802743475
606 1.1188782802743475
607 1.1188782802743475
608 1.1188782802743475
609 1.1188782802743475
610 1.1188782802743475
611 1.1188782802743475
612 1.1188782802743475
613 1.1188782802743475
614 1.1188782802743475
615 1.1188782802743475
616 1.1188782802743475
617 1.1188782802743475
618 1.1188782802743475
619 1.1188782802743475
620 1.1188782802743475
621 1.1188782802743475
622 1.1188782802743475
623 1.1188782802743475
624 1.1188782802743475
625 1.1188782802743475
626 1.1188782802743475
627 1.1188782802743475
628 1.1188782802743475
629 1.1188782802743475
630 1.1188782802743475
631 1.1188782802743475
632 1.1188782802743475
633 1.1188782802743475
634 1.1188782802743475
635 1.1188782802743475
636 1.1188782802743475
637 1.1188782802743475
638 1.1188782802743475
639 1.1188782802743475
640 1.1188782802743475
641 1.1188782802743475
642 1.1188782802743475
643 1.1188782802743475
644 1.1188782802743475
645 1.1188782802743475
646 1.1188782802743475
647 1.1188782802743475
648 1.1188782802743475
649 1.1188782802743475
650 1.1188782802743475
651 1.1188782802743475
652 1.1188782802743475
653 1.1188782802743475
654 1.1188782802743475
655 1.1188782802743475
656 1.1188782802743475
657 1.1188782802743475
658 1.1188782802743475
659 1.1188782802743475
660 1.1188782802743475
661 1.1188782802743475
662 1.1188782802743475
663 1.1188782802743475
664 1.1188782802743475
665 1.1188782802743475
666 1.1188782802743475
667 1.1188782802743475
668 1.1188782802743475
669 1.1188782802743475
670 1.1188782802743475
671 1.1188782802743475
672 1.1188782802743475
673 1.1188782802743475
674 1.1188782802743475
675 1.1188782802743475
676 1.1188782802743475
677 1.1188782802743475
678 1.1188782802743475
679 1.1188782802743475
680 1.1188782802743475
681 1.1188782802743475
682 1.1188782802743475
683 1.1188782802743475
684 1.1188782802743475
685 1.1188782802743475
686 1.1188782802743475
687 1.1188782802743475
688 1.1188782802743475
689 1.1188782802743475
690 1.1188782802743475
691 1.1188782802743475
692 1.1188782802743475
693 1.1188782802743475
694 1.1188782802743475
695 1.1188782802743475
696 1.1188782802743475
697 1.1188782802743475
698 1.1188782802743475
699 1.1188782802743475
700 1.1188782802743475
701 1.1188782802743475
702 1.1188782802743475
703 1.1188782802743475
704 1.1188782802743475
705 1.1188782802743475
706 1.1188782802743475
707 1.1188782802743475
708 1.1188782802743475
709 1.1188782802743475
710 1.1188782802743475
711 1.1188782802743475
712 1.1188782802743475
713 1.1188782802743475
714 1.1188782802743475
715 1.1188782802743475
716 1.1188782802743475
717 1.1188782802743475
718 1.1188782802743475
719 1.1188782802743475
720 1.1188782802743475
721 1.1188782802743475
722 1.1188782802743475
723 1.1188782802743475
724 1.1188782802743475
725 1.1188782802743475
726 1.1188782802743475
727 1.1188782802743475
728 1.1188782802743475
729 1.1188782802743475
730 1.1188782802743475
731 1.1188782802743475
732 1.1188782802743475
733 1.1188782802743475
734 1.1188782802743475
735 1.1188782802743475
736 1.1188782802743475
737 1.1188782802743475
738 1.1188782802743475
739 1.1188782802743475
740 1.1188782802743475
741 1.1188782802743475
742 1.1188782802743475
743 1.1188782802743475
744 1.1188782802743475
745 1.1188782802743475
746 1.1188782802743475
747 1.1188782802743475
748 1.1188782802743475
749 1.1188782802743475
750 1.1188782802743475
751 1.1188782802743475
752 1.1188782802743475
753 1.1188782802743475
754 1.1188782802743475
755 1.1188782802743475
756 1.1188782802743475
757 1.1188782802743475
758 1.1188782802743475
759 1.1188782802743475
760 1.1188782802743475
761 1.1188782802743475
762 1.1188782802743475
763 1.1188782802743475
764 1.1188782802743475
765 1.1188782802743475
766 1.1188782802743475
767 1.1188782802743475
768 1.1188782802743475
769 1.1188782802743475
770 1.1188782802743475
771 1.1188782802743475
772 1.1188782802743475
773 1.1188782802743475
774 1.1188782802743475
775 1.1188782802743475
776 1.1188782802743475
777 1.1188782802743475
778 1.1188782802743475
779 1.1188782802743475
780 1.1188782802743475
781 1.1188782802743475
782 1.1188782802743475
783 1.1188782802743475
784 1.1188782802743475
785 1.1188782802743475
786 1.1188782802743475
787 1.1188782802743475
788 1.1188782802743475
789 1.1188782802743475
790 1.1188782802743475
791 1.1188782802743475
792 1.1188782802743475
793 1.1188782802743475
794 1.1188782802743475
795 1.1188782802743475
796 1.1188782802743475
797 1.1188782802743475
798 1.1188782802743475
799 1.1188782802743475
800 1.1188782802743475
801 1.1188782802743475
802 1.1188782802743475
803 1.1188782802743475
804 1.1188782802743475
805 1.1188782802743475
806 1.1188782802743475
807 1.1188782802743475
808 1.1188782802743475
809 1.1188782802743475
810 1.1188782802743475
811 1.1188782802743475
812 1.1188782802743475
813 1.1188782802743475
814 1.1188782802743475
815 1.1188782802743475
816 1.1188782802743475
817 1.1188782802743475
818 1.1188782802743475
819 1.1188782802743475
820 1.1188782802743475
821 1.1188782802743475
822 1.1188782802743475
823 1.1188782802743475
824 1.1188782802743475
825 1.1188782802743475
826 1.1188782802743475
827 1.1188782802743475
828 1.1188782802743475
829 1.1188782802743475
830 1.1188782802743475
831 1.1188782802743475
832 1.1188782802743475
833 1.1188782802743475
834 1.1188782802743475
835 1.1188782802743475
836 1.1188782802743475
837 1.1188782802743475
838 1.1188782802743475
839 1.1188782802743475
840 1.1188782802743475
841 1.1188782802743475
842 1.1188782802743475
843 1.1188782802743475
844 1.1188782802743475
845 1.1188782802743475
846 1.1188782802743475
847 1.1188782802743475
848 1.1188782802743475
849 1.1188782802743475
850 1.1188782802743475
851 1.1188782802743475
852 1.1188782802743475
853 1.1188782802743475
854 1.1188782802743475
855 1.1188782802743475
856 1.1188782802743475
857 1.1188782802743475
858 1.1188782802743475
859 1.1188782802743475
860 1.1188782802743475
861 1.1188782802743475
862 1.1188782802743475
863 1.1188782802743475
864 1.1188782802743475
865 1.1188782802743475
866 1.1188782802743475
867 1.1188782802743475
868 1.1188782802743475
869 1.1188782802743475
870 1.1188782802743475
871 1.1188782802743475
872 1.1188782802743475
873 1.1188782802743475
874 1.1188782802743475
875 1.1188782802743475
876 1.1188782802743475
877 1.1188782802743475
878 1.1188782802743475
879 1.1188782802743475
880 1.1188782802743475
881 1.1188782802743475
882 1.1188782802743475
883 1.1188782802743475
884 1.1188782802743475
885 1.1188782802743475
886 1.1188782802743475
887 1.1188782802743475
888 1.1188782802743475
889 1.1188782802743475
890 1.1188782802743475
891 1.1188782802743475
892 1.1188782802743475
893 1.1188782802743475
894 1.1188782802743475
895 1.1188782802743475
896 1.1188782802743475
897 1.1188782802743475
898 1.1188782802743475
899 1.1188782802743475
900 1.1188782802743475
901 1.1188782802743475
902 1.1188782802743475
903 1.1188782802743475
904 1.1188782802743475
905 1.1188782802743475
906 1.1188782802743475
907 1.1188782802743475
908 1.1188782802743475
909 1.1188782802743475
910 1.1188782802743475
911 1.1188782802743475
912 1.1188782802743475
913 1.1188782802743475
914 1.1188782802743475
915 1.1188782802743475
916 1.1188782802743475
917 1.1188782802743475
918 1.1188782802743475
919 1.1188782802743475
920 1.1188782802743475
921 1.1188782802743475
922 1.1188782802743475
923 1.1188782802743475
924 1.1188782802743475
925 1.1188782802743475
926 1.1188782802743475
927 1.1188782802743475
928 1.1188782802743475
929 1.1188782802743475
930 1.1188782802743475
931 1.1188782802743475
932 1.1188782802743475
933 1.1188782802743475
934 1.1188782802743475
935 1.1188782802743475
936 1.1188782802743475
937 1.1188782802743475
938 1.1188782802743475
939 1.1188782802743475
940 1.1188782802743475
941 1.1188782802743475
942 1.1188782802743475
943 1.1188782802743475
944 1.1188782802743475
945 1.1188782802743475
946 1.1188782802743475
947 1.1188782802743475
948 1.1188782802743475
949 1.1188782802743475
950 1.1188782802743475
951 1.1188782802743475
952 1.1188782802743475
953 1.1188782802743475
954 1.1188782802743475
955 1.1188782802743475
956 1.1188782802743475
957 1.1188782802743475
958 1.1188782802743475
959 1.1188782802743475
960 1.1188782802743475
961 1.1188782802743475
962 1.1188782802743475
963 1.1188782802743475
964 1.1188782802743475
965 1.1188782802743475
966 1.1188782802743475
967 1.1188782802743475
968 1.1188782802743475
969 1.1188782802743475
970 1.1188782802743475
971 1.1188782802743475
972 1.1188782802743475
973 1.1188782802743475
974 1.1188782802743475
975 1.1188782802743475
976 1.1188782802743475
977 1.1188782802743475
978 1.1188782802743475
979 1.1188782802743475
980 1.1188782802743475
981 1.1188782802743475
982 1.1188782802743475
983 1.1188782802743475
984 1.1188782802743475
985 1.1188782802743475
986 1.1188782802743475
987 1.1188782802743475
988 1.1188782802743475
989 1.1188782802743475
990 1.1188782802743475
991 1.1188782802743475
992 1.1188782802743475
993 1.1188782802743475
994 1.1188782802743475
995 1.1188782802743475
996 1.1188782802743475
997 1.1188782802743475
998 1.1188782802743475
999 1.1188782802743475
