0 3.8748950514235325
1 2.6736174293065136
2 2.3636723349132076
3 2.00818435506862
4 1.800126168550364
5 1.6250569408378892
6 1.5005288472603
7 1.4044028258230286
8 1.333013361740022
9 1.279001258166124
10 1.2384929402839082
11 1.2079819584720939
12 1.1850450125532364
13 1.1677835202350968
14 1.1547973137286296
15 1.1450237200099618
16 1.1376671966860896
17 1.132128265553469
18 1.1279565918899692
19 1.1248133683052897
20 1.1224438691792424
21 1.1206565135718902
22 1.1193072302712237
23 1.1182876629819112
24 1.117516315466415
25 1.116931888387508
26 1.116488270863505
27 1.1161507737892908
28 1.1158932977261904
29 1.1156962031975484
30 1.115544709250404
31 1.1154276891949193
32 1.1153367650097756
33 1.1152656263219287
34 1.1152095182569957
35 1.1151648562730718
36 1.115128936482729
37 1.115099717780604
38 1.1150756579688006
39 1.1150555904895465
40 1.115038631696015
41 1.1150241110896355
42 1.1150115188302099
43 1.1150004662371797
44 1.114990656062232
45 1.1149818601118346
46 1.114973902398759
47 1.1149666464530066
48 1.1149599857621968
49 1.1149538365667018
50 1.1149481324268382
51 1.114942820123814
52 1.1149378565647414
53 1.1149332064436452
54 1.114928840471886
55 1.1149247340375392
56 1.1149208661881176
57 1.1149172188570577
58 1.1149137762741437
59 1.1149105245147815
60 1.1149074511541865
61 1.1149045450009418
62 1.1149017958906122
63 1.1148991945249591
64 1.114896732345765
65 1.1148944014350246
66 1.114892194435248
67 1.1148901044851873
68 1.1148881251674245
69 1.1148862504650778
70 1.114884474725648
71 1.1148827926303948
72 1.1148811991680923
73 1.1148796896122573
74 1.1148782595011457
75 1.114876904620009
76 1.1148756209851935
77 1.1148744048297614
78 1.1148732525903882
79 1.1148721608953622
80 1.1148711265535094
81 1.1148701465439361
82 1.1148692180064823
83 1.1148683382328195
84 1.1148675046581171
85 1.1148667148532334
86 1.114865966517366
87 1.114865257471144
88 1.1148645856501227
89 1.1148639490986438
90 1.1148633459640311
91 1.114862774491138
92 1.1148622330171485
93 1.1148617199667197
94 1.1148612338473325
95 1.1148607732449214
96 1.1148603368197467
97 1.1148599233024605
98 1.1148595314904084
99 1.11485916024411
100 1.1148588084839381
101 1.1148584751869695
102 1.114858159384
103 1.114857860156717
104 1.1148575766350315
105 1.1148573079945383
106 1.1148570534541171
107 1.1148568122736573
108 1.1148565837519
109 1.1148563672244067
110 1.114856162061615
111 1.1148559676670162
112 1.1148557834754098
113 1.1148556089512636
114 1.1148554435871656
115 1.114855286902326
116 1.114855138441201
117 1.1148549977721551
118 1.1148548644862102
119 1.1148547381958527
120 1.11485461853391
121 1.1148545051524863
122 1.1148543977219378
123 1.1148542959299288
124 1.1148541994805163
125 1.114854108093291
126 1.1148540215025575
127 1.1148539394565704
128 1.1148538617167962
129 1.114853788057219
130 1.1148537182636893
131 1.114853652133295
132 1.114853589473775
133 1.114853530102959
134 1.1148534738482359
135 1.1148534205460572
136 1.1148533700414605
137 1.1148533221876105
138 1.1148532768453838
139 1.114853233882955
140 1.11485319317542
141 1.1148531546044302
142 1.1148531180578491
143 1.1148530834294246
144 1.1148530506184813
145 1.1148530195296296
146 1.114852990072484
147 1.114852962161402
148 1.114852935715241
149 1.114852910657113
150 1.1148528869141678
151 1.1148528644173754
152 1.1148528431013334
153 1.1148528229040704
154 1.1148528037668628
155 1.1148527856340773
156 1.114852768452996
157 1.1148527521736675
158 1.1148527367487626
159 1.1148527221334383
160 1.1148527082852022
161 1.1148526951637938
162 1.114852682731065
163 1.1148526709508735
164 1.1148526597889654
165 1.1148526492128936
166 1.11485263919191
167 1.1148526296968786
168 1.1148526207001974
169 1.1148526121757083
170 1.1148526040986286
171 1.1148525964454792
172 1.114852589194004
173 1.1148525823231252
174 1.1148525758128662
175 1.1148525696443001
176 1.1148525637994913
177 1.114852558261449
178 1.1148525530140736
179 1.1148525480421074
180 1.1148525433310934
181 1.1148525388673407
182 1.1148525346378686
183 1.1148525306303823
184 1.1148525268332279
185 1.1148525232353694
186 1.1148525198263444
187 1.114852516596243
188 1.1148525135356746
189 1.11485251063574
190 1.114852507888011
191 1.1148525052844955
192 1.1148525028176282
193 1.1148525004802314
194 1.1148524982655175
195 1.1148524961670416
196 1.1148524941787044
197 1.1148524922947258
198 1.1148524905096273
199 1.11485248881822
200 1.1148524872155885
201 1.1148524856970707
202 1.1148524842582526
203 1.1148524828949522
204 1.1148524816032035
205 1.1148524803792512
206 1.1148524792195407
207 1.114852478120696
208 1.1148524770795267
209 1.1148524760930019
210 1.1148524751582563
211 1.1148524742725696
212 1.11485247343337
213 1.1148524726382143
214 1.114852471884794
215 1.1148524711709153
216 1.114852470494507
217 1.1148524698535989
218 1.1148524692463286
219 1.114852468670931
220 1.1148524681257335
221 1.114852467609152
222 1.1148524671196822
223 1.1148524666559028
224 1.114852466216465
225 1.114852465800091
226 1.1148524654055694
227 1.1148524650317568
228 1.1148524646775608
229 1.1148524643419575
230 1.1148524640239668
231 1.1148524637226658
232 1.1148524634371797
233 1.1148524631666772
234 1.114852462910372
235 1.1148524626675194
236 1.1148524624374134
237 1.1148524622193843
238 1.1148524620127969
239 1.1148524618170532
240 1.1148524616315822
241 1.1148524614558473
242 1.1148524612893365
243 1.114852461131563
244 1.114852460982072
245 1.1148524608404247
246 1.1148524607062136
247 1.1148524605790464
248 1.114852460458553
249 1.1148524603443846
250 1.114852460236208
251 1.11485246013371
252 1.1148524600365894
253 1.1148524599445686
254 1.1148524598573768
255 1.1148524597747604
256 1.1148524596964802
257 1.1148524596223095
258 1.1148524595520317
259 1.1148524594854405
260 1.1148524594223475
261 1.114852459362563
262 1.1148524593059193
263 1.114852459252247
264 1.1148524592013913
265 1.114852459153204
266 1.114852459107547
267 1.1148524590642852
268 1.1148524590232962
269 1.1148524589844568
270 1.114852458947656
271 1.1148524589127882
272 1.1148524588797482
273 1.1148524588484434
274 1.1148524588187816
275 1.1148524587906778
276 1.1148524587640471
277 1.114852458738813
278 1.1148524587149073
279 1.114852458692254
280 1.1148524586707897
281 1.1148524586504511
282 1.114852458631182
283 1.1148524586129223
284 1.1148524585956228
285 1.1148524585792303
286 1.1148524585636983
287 1.1148524585489819
288 1.114852458535037
289 1.114852458521825
290 1.1148524585093054
291 1.1148524584974429
292 1.114852458486203
293 1.1148524584755533
294 1.1148524584654633
295 1.1148524584559043
296 1.114852458446844
297 1.1148524584382589
298 1.114852458430126
299 1.1148524584224202
300 1.1148524584151174
301 1.1148524584082007
302 1.1148524584016435
303 1.1148524583954336
304 1.1148524583895474
305 1.1148524583839727
306 1.1148524583786863
307 1.114852458373681
308 1.1148524583689379
309 1.114852458364442
310 1.1148524583601844
311 1.1148524583561477
312 1.1148524583523238
313 1.1148524583487023
314 1.1148524583452697
315 1.1148524583420174
316 1.1148524583389356
317 1.1148524583360142
318 1.1148524583332473
319 1.1148524583306263
320 1.1148524583281423
321 1.1148524583257882
322 1.1148524583235577
323 1.1148524583214448
324 1.1148524583194441
325 1.1148524583175476
326 1.1148524583157493
327 1.1148524583140451
328 1.1148524583124315
329 1.1148524583109027
330 1.114852458309454
331 1.1148524583080817
332 1.1148524583067814
333 1.1148524583055461
334 1.1148524583043808
335 1.114852458303273
336 1.1148524583022263
337 1.1148524583012307
338 1.11485245830029
339 1.1148524582993982
340 1.114852458298554
341 1.1148524582977535
342 1.1148524582969952
343 1.1148524582962762
344 1.1148524582955954
345 1.1148524582949497
346 1.1148524582943382
347 1.114852458293758
348 1.11485245829321
349 1.114852458292689
350 1.1148524582921964
351 1.114852458291729
352 1.1148524582912858
353 1.114852458290867
354 1.1148524582904702
355 1.1148524582900938
356 1.114852458289737
357 1.114852458289399
358 1.1148524582890784
359 1.1148524582887753
360 1.114852458288488
361 1.1148524582882167
362 1.1148524582879584
363 1.1148524582877128
364 1.1148524582874815
365 1.114852458287262
366 1.1148524582870543
367 1.114852458286857
368 1.1148524582866708
369 1.1148524582864943
370 1.114852458286326
371 1.1148524582861663
372 1.1148524582860155
373 1.1148524582858725
374 1.1148524582857375
375 1.1148524582856099
376 1.1148524582854895
377 1.114852458285374
378 1.114852458285266
379 1.1148524582851613
380 1.1148524582850636
381 1.1148524582849717
382 1.1148524582848833
383 1.114852458284801
384 1.1148524582847208
385 1.1148524582846475
386 1.1148524582845754
387 1.114852458284508
388 1.1148524582844443
389 1.1148524582843862
390 1.114852458284328
391 1.1148524582842736
392 1.1148524582842234
393 1.1148524582841741
394 1.1148524582841282
395 1.114852458284085
396 1.114852458284044
397 1.1148524582840058
398 1.1148524582839683
399 1.1148524582839334
400 1.1148524582838986
401 1.114852458283868
402 1.1148524582838384
403 1.1148524582838102
404 1.1148524582837822
405 1.1148524582837573
406 1.1148524582837325
407 1.1148524582837112
408 1.1148524582836874
409 1.1148524582836672
410 1.1148524582836496
411 1.1148524582836303
412 1.1148524582836128
413 1.1148524582835961
414 1.1148524582835815
415 1.1148524582835662
416 1.114852458283552
417 1.1148524582835384
418 1.1148524582835257
419 1.1148524582835138
420 1.114852458283503
421 1.1148524582834927
422 1.1148524582834813
423 1.1148524582834731
424 1.1148524582834625
425 1.1148524582834543
426 1.1148524582834463
427 1.1148524582834383
428 1.114852458283431
429 1.114852458283425
430 1.1148524582834165
431 1.1148524582834107
432 1.1148524582834065
433 1.1148524582834
434 1.1148524582833934
435 1.1148524582833887
436 1.1148524582833843
437 1.1148524582833796
438 1.1148524582833768
439 1.1148524582833728
440 1.1148524582833688
441 1.1148524582833643
442 1.1148524582833617
443 1.1148524582833572
444 1.114852458283355
445 1.114852458283352
446 1.1148524582833488
447 1.1148524582833466
448 1.1148524582833446
449 1.1148524582833401
450 1.1148524582833388
451 1.1148524582833361
452 1.1148524582833341
453 1.1148524582833326
454 1.1148524582833317
455 1.11485245828333
456 1.1148524582833277
457 1.1148524582833264
458 1.1148524582833241
459 1.114852458283323
460 1.114852458283322
461 1.1148524582833206
462 1.1148524582833197
463 1.1148524582833192
464 1.114852458283316
465 1.114852458283316
466 1.1148524582833164
467 1.114852458283315
468 1.1148524582833113
469 1.1148524582833128
470 1.1148524582833124
471 1.114852458283311
472 1.114852458283311
473 1.1148524582833113
474 1.1148524582833093
475 1.1148524582833101
476 1.1148524582833077
477 1.1148524582833077
478 1.1148524582833077
479 1.1148524582833073
480 1.1148524582833048
481 1.1148524582833066
482 1.114852458283306
483 1.1148524582833048
484 1.1148524582833044
485 1.1148524582833046
486 1.1148524582833044
487 1.114852458283304
488 1.1148524582833048
489 1.1148524582833037
490 1.1148524582833033
491 1.114852458283302
492 1.1148524582833044
493 1.1148524582833026
494 1.1148524582833017
495 1.1148524582833033
496 1.114852458283303
497 1.1148524582833006
498 1.1148524582833022
499 1.1148524582833026
500 1.1148524582833022
501 1.1148524582833017
502 1.1148524582833008
503 1.114852458283301
504 1.1148524582833004
505 1.1148524582833013
506 1.114852458283299
507 1.1148524582833
508 1.1148524582832997
509 1.1148524582833006
510 1.1148524582832997
511 1.1148524582833
512 1.1148524582833002
513 1.1148524582832997
514 1.1148524582832988
515 1.1148524582832984
516 1.114852458283299
517 1.1148524582832993
518 1.1148524582832995
519 1.1148524582833
520 1.1148524582832997
521 1.114852458283298
522 1.1148524582832993
523 1.1148524582832993
524 1.114852458283299
525 1.1148524582832986
526 1.1148524582832993
527 1.1148524582832993
528 1.1148524582832988
529 1.1148524582832986
530 1.1148524582832986
531 1.1148524582833
532 1.1148524582832993
533 1.1148524582832982
534 1.1148524582832986
535 1.1148524582832988
536 1.1148524582832993
537 1.1148524582832984
538 1.1148524582832993
539 1.1148524582832988
540 1.114852458283299
541 1.114852458283299
542 1.1148524582832984
543 1.1148524582832975
544 1.1148524582832975
545 1.114852458283299
546 1.114852458283299
547 1.1148524582832975
548 1.1148524582832984
549 1.1148524582832988
550 1.1148524582832993
551 1.1148524582832997
552 1.1148524582832997
553 1.1148524582832977
554 1.1148524582832986
555 1.114852458283298
556 1.1148524582832977
557 1.1148524582832993
558 1.1148524582832986
559 1.1148524582832993
560 1.1148524582832975
561 1.114852458283298
562 1.114852458283299
563 1.114852458283299
564 1.1148524582832982
565 1.1148524582832995
566 1.1148524582832993
567 1.114852458283298
568 1.1148524582832977
569 1.1148524582833008
570 1.1148524582832982
571 1.1148524582832986
572 1.1148524582832986
573 1.1148524582833
574 1.1148524582832988
575 1.1148524582832986
576 1.1148524582832995
577 1.1148524582832988
578 1.1148524582832982
579 1.114852458283299
580 1.1148524582832975
581 1.1148524582832982
582 1.1148524582832982
583 1.1148524582832988
584 1.114852458283298
585 1.1148524582833004
586 1.114852458283299
587 1.114852458283298
588 1.114852458283298
589 1.1148524582833002
590 1.114852458283298
591 1.114852458283299
592 1.114852458283298
593 1.1148524582832984
594 1.1148524582832988
595 1.114852458283298
596 1.1148524582832995
597 1.1148524582832977
598 1.1148524582832986
599 1.1148524582832977
600 1.1148524582832988
601 1.1148524582832986
602 1.114852458283298
603 1.114852458283298
604 1.1148524582833
605 1.1148524582832977
606 1.1148524582832982
607 1.114852458283298
608 1.1148524582832984
609 1.1148524582832995
610 1.1148524582832995
611 1.1148524582833
612 1.1148524582832984
613 1.1148524582832988
614 1.1148524582832988
615 1.1148524582832977
616 1.1148524582832982
617 1.1148524582832988
618 1.1148524582832977
619 1.1148524582832986
620 1.1148524582832982
621 1.114852458283299
622 1.1148524582832973
623 1.1148524582832973
624 1.1148524582832977
625 1.1148524582832993
626 1.114852458283299
627 1.1148524582832975
628 1.1148524582832984
629 1.1148524582832986
630 1.1148524582832986
631 1.1148524582832988
632 1.1148524582832986
633 1.1148524582832984
634 1.1148524582832993
635 1.1148524582832982
636 1.1148524582832988
637 1.1148524582832982
638 1.1148524582832984
639 1.1148524582832988
640 1.114852458283298
641 1.1148524582832995
642 1.1148524582832982
643 1.1148524582832984
644 1.114852458283299
645 1.114852458283299
646 1.1148524582832997
647 1.1148524582832984
648 1.1148524582832995
649 1.1148524582833006
650 1.1148524582833002
651 1.1148524582832988
652 1.1148524582832984
653 1.1148524582832993
654 1.114852458283298
655 1.1148524582832984
656 1.1148524582832984
657 1.1148524582832984
658 1.114852458283299
659 1.1148524582832988
660 1.114852458283299
661 1.1148524582832982
662 1.1148524582832997
663 1.1148524582832982
664 1.1148524582832982
665 1.1148524582832988
666 1.1148524582832984
667 1.1148524582832995
668 1.1148524582832982
669 1.1148524582832984
670 1.1148524582832984
671 1.1148524582832984
672 1.1148524582832977
673 1.1148524582832988
674 1.1148524582832995
675 1.1148524582832984
676 1.1148524582832995
677 1.1148524582832984
678 1.1148524582832988
679 1.1148524582832984
680 1.1148524582832986
681 1.1148524582832984
682 1.1148524582832986
683 1.1148524582832995
684 1.1148524582832984
685 1.1148524582832966
686 1.114852458283299
687 1.1148524582832988
688 1.114852458283299
689 1.1148524582832982
690 1.1148524582832988
691 1.1148524582832977
692 1.1148524582832984
693 1.114852458283298
694 1.1148524582832993
695 1.1148524582832977
696 1.1148524582832995
697 1.114852458283299
698 1.1148524582832984
699 1.114852458283298
700 1.1148524582832995
701 1.1148524582832986
702 1.1148524582832986
703 1.1148524582832977
704 1.1148524582832984
705 1.1148524582832977
706 1.1148524582833
707 1.1148524582832977
708 1.1148524582833
709 1.1148524582832986
710 1.1148524582832988
711 1.1148524582832986
712 1.1148524582832988
713 1.1148524582832988
714 1.1148524582832984
715 1.1148524582832975
716 1.1148524582832977
717 1.1148524582832982
718 1.1148524582832986
719 1.1148524582832984
720 1.1148524582832982
721 1.1148524582832993
722 1.1148524582832977
723 1.1148524582832982
724 1.1148524582832977
725 1.1148524582832993
726 1.1148524582832977
727 1.1148524582832986
728 1.1148524582832977
729 1.1148524582832993
730 1.1148524582832988
731 1.1148524582832975
732 1.114852458283298
733 1.1148524582832997
734 1.1148524582832977
735 1.1148524582832984
736 1.1148524582832995
737 1.1148524582832986
738 1.1148524582832993
739 1.1148524582832984
740 1.1148524582832988
741 1.1148524582832986
742 1.114852458283299
743 1.1148524582832995
744 1.1148524582832984
745 1.1148524582832977
746 1.1148524582832988
747 1.114852458283299
748 1.1148524582832993
749 1.1148524582832977
750 1.1148524582832975
751 1.114852458283299
752 1.1148524582832977
753 1.1148524582832993
754 1.1148524582832984
755 1.1148524582832977
756 1.1148524582832984
757 1.114852458283298
758 1.1148524582832986
759 1.1148524582832977
760 1.1148524582832975
761 1.1148524582832984
762 1.1148524582832995
763 1.1148524582832995
764 1.1148524582832982
765 1.1148524582832986
766 1.1148524582832997
767 1.114852458283298
768 1.1148524582832984
769 1.1148524582832984
770 1.1148524582832982
771 1.1148524582832982
772 1.1148524582832984
773 1.1148524582832977
774 1.114852458283299
775 1.1148524582832993
776 1.114852458283298
777 1.114852458283298
778 1.1148524582832984
779 1.114852458283298
780 1.1148524582832997
781 1.1148524582832988
782 1.1148524582832988
783 1.1148524582832982
784 1.114852458283297
785 1.114852458283299
786 1.1148524582832982
787 1.1148524582832988
788 1.1148524582832988
789 1.1148524582832984
790 1.114852458283298
791 1.1148524582832997
792 1.114852458283298
793 1.1148524582832995
794 1.114852458283298
795 1.1148524582832986
796 1.1148524582832982
797 1.1148524582832988
798 1.1148524582832997
799 1.1148524582832977
800 1.1148524582832988
801 1.1148524582832995
802 1.1148524582832975
803 1.1148524582832984
804 1.1148524582832988
805 1.1148524582832995
806 1.1148524582832995
807 1.1148524582832988
808 1.1148524582832977
809 1.1148524582832975
810 1.1148524582832984
811 1.1148524582832997
812 1.1148524582832986
813 1.1148524582832995
814 1.1148524582832988
815 1.1148524582832986
816 1.1148524582832988
817 1.1148524582832977
818 1.1148524582833002
819 1.1148524582832986
820 1.1148524582832986
821 1.1148524582833
822 1.1148524582832984
823 1.1148524582832977
824 1.1148524582832982
825 1.1148524582832988
826 1.1148524582832973
827 1.1148524582832982
828 1.1148524582832984
829 1.1148524582832982
830 1.1148524582832982
831 1.1148524582832973
832 1.1148524582832988
833 1.1148524582832977
834 1.114852458283298
835 1.1148524582832982
836 1.114852458283298
837 1.1148524582832977
838 1.1148524582832986
839 1.1148524582832988
840 1.1148524582832982
841 1.1148524582832977
842 1.114852458283298
843 1.1148524582832993
844 1.1148524582832982
845 1.1148524582832988
846 1.1148524582832986
847 1.1148524582832988
848 1.1148524582832973
849 1.1148524582832982
850 1.1148524582832986
851 1.114852458283299
852 1.1148524582832986
853 1.1148524582832984
854 1.114852458283299
855 1.1148524582832982
856 1.1148524582832986
857 1.114852458283299
858 1.1148524582832984
859 1.1148524582832986
860 1.1148524582832975
861 1.114852458283299
862 1.1148524582832984
863 1.114852458283299
864 1.1148524582832988
865 1.1148524582832977
866 1.1148524582832995
867 1.114852458283299
868 1.1148524582833
869 1.114852458283298
870 1.1148524582832982
871 1.1148524582832988
872 1.1148524582832984
873 1.1148524582832988
874 1.1148524582832984
875 1.1148524582832982
876 1.114852458283298
877 1.1148524582832995
878 1.1148524582832988
879 1.1148524582832988
880 1.114852458283297
881 1.1148524582832986
882 1.1148524582832986
883 1.114852458283298
884 1.1148524582832984
885 1.114852458283298
886 1.1148524582832975
887 1.1148524582832993
888 1.1148524582832993
889 1.1148524582832984
890 1.1148524582832982
891 1.1148524582832982
892 1.114852458283298
893 1.114852458283298
894 1.1148524582832977
895 1.1148524582832984
896 1.1148524582832982
897 1.1148524582832986
898 1.1148524582832993
899 1.1148524582832975
900 1.114852458283299
901 1.114852458283298
902 1.114852458283298
903 1.1148524582832988
904 1.1148524582832982
905 1.114852458283299
906 1.1148524582832984
907 1.1148524582832973
908 1.1148524582832986
909 1.1148524582832986
910 1.114852458283299
911 1.114852458283299
912 1.1148524582832993
913 1.1148524582832986
914 1.114852458283299
915 1.114852458283299
916 1.1148524582832986
917 1.1148524582832977
918 1.1148524582832982
919 1.114852458283299
920 1.1148524582832977
921 1.1148524582832973
922 1.1148524582832975
923 1.114852458283298
924 1.1148524582833
925 1.1148524582832984
926 1.1148524582832986
927 1.1148524582832995
928 1.1148524582832982
929 1.1148524582832986
930 1.1148524582832984
931 1.1148524582832984
932 1.1148524582832988
933 1.1148524582832986
934 1.114852458283299
935 1.1148524582832988
936 1.1148524582832986
937 1.1148524582832988
938 1.1148524582832988
939 1.1148524582832977
940 1.1148524582832988
941 1.1148524582832995
942 1.1148524582832988
943 1.114852458283299
944 1.1148524582832982
945 1.1148524582832977
946 1.1148524582832993
947 1.1148524582832993
948 1.1148524582832982
949 1.1148524582832986
950 1.1148524582832982
951 1.1148524582832986
952 1.1148524582832977
953 1.1148524582832977
954 1.114852458283297
955 1.1148524582832986
956 1.1148524582832988
957 1.114852458283299
958 1.1148524582832988
959 1.1148524582832995
960 1.1148524582832997
961 1.1148524582832988
962 1.1148524582832995
963 1.114852458283299
964 1.1148524582832997
965 1.1148524582832982
966 1.1148524582832984
967 1.114852458283299
968 1.1148524582832993
969 1.1148524582832993
970 1.114852458283299
971 1.1148524582832995
972 1.1148524582832995
973 1.1148524582832997
974 1.1148524582832997
975 1.1148524582832993
976 1.1148524582832986
977 1.114852458283298
978 1.1148524582832986
979 1.1148524582832997
980 1.114852458283299
981 1.1148524582832988
982 1.114852458283299
983 1.1148524582832986
984 1.1148524582832986
985 1.1148524582832988
986 1.1148524582832993
987 1.1148524582832984
988 1.1148524582832995
989 1.1148524582832984
990 1.1148524582832986
991 1.114852458283298
992 1.1148524582832975
993 1.1148524582832975
994 1.1148524582832975
995 1.1148524582832975
996 1.114852458283298
997 1.114852458283297
998 1.1148524582832982
999 1.1148524582832986
