0 4.007192293331172
1 2.03358344796904
2 1.659981906106472
3 1.2745890831894173
4 1.0946455195768265
5 0.9645397328135973
6 0.8869857288357836
7 0.8352391927491515
8 0.8014871059484199
9 0.7782552528876708
10 0.7616924350010943
11 0.7491806959630308
12 0.7391710851136302
13 0.7306900374556485
14 0.7231461335573476
15 0.7161771092264211
16 0.709563956710497
17 0.7031751606854405
18 0.6969328012759116
19 0.6907914814826692
20 0.6847253833947692
21 0.6787203380342225
22 0.6727689918583679
23 0.6668678870140202
24 0.6610157135272178
25 0.6552122789130077
26 0.649457912374537
27 0.643753130621196
28 0.638098458949401
29 0.6324943430230004
30 0.6269411122866154
31 0.6214389716970984
32 0.6159880080330352
33 0.6105882028639124
34 0.6052394477509873
35 0.5999415593247434
36 0.5946942930905721
37 0.5894973554999413
38 0.5843504141983301
39 0.5792531065522822
40 0.5742050466436497
41 0.5692058309462384
42 0.5642550428961738
43 0.5593522565484824
44 0.5544970394877321
45 0.5496889551350151
46 0.544927564569625
47 0.540212427962491
48 0.5355431057002598
49 0.530919159263611
50 0.5263401519108085
51 0.5218056492072028
52 0.517315219433101
53 0.5128684338957068
54 0.5084648671655257
55 0.5041040972533367
56 0.49978570574046
57 0.49550927787236637
58 0.4912744026235379
59 0.4870806727398285
60 0.48292768476321085
61 0.47881503904280104
62 0.4747423397351733
63 0.47070919479637213
64 0.4667152159674797
65 0.46276001875523415
66 0.45884322240882797
67 0.45496444989382095
68 0.4511233278638566
69 0.44731948663075577
70 0.4435525601334075
71 0.439822185905816
72 0.43612800504455346
73 0.4324696621758338
74 0.42884680542237336
75 0.4252590863701519
76 0.42170616003518624
77 0.41818768483037216
78 0.4147033225324738
79 0.4112527382492927
80 0.40783560038704275
81 0.4044515806179769
82 0.40110035384826415
83 0.3977815981861397
84 0.3944949949103419
85 0.3912402284388311
86 0.3880169862978074
87 0.3848249590910178
88 0.38166384046936547
89 0.37853332710081294
90 0.37543311864058054
91 0.37236291770164287
92 0.3693224298255137
93 0.36631136345332393
94 0.3633294298971897
95 0.36037634331186075
96 0.3574518206666569
97 0.3545555817176846
98 0.3516873489803254
99 0.3488468477020043
100 0.34603380583523224
101 0.3432479540109053
102 0.34048902551188504
103 0.33775675624683466
104 0.33505088472431116
105 0.33237115202712514
106 0.3297173017869466
107 0.3270890801591708
108 0.3244862357980271
109 0.32190851983193997
110 0.31935568583912616
111 0.3168274898234496
112 0.3143236901904959
113 0.3118440477239026
114 0.3093883255619056
115 0.30695628917413725
116 0.30454770633863604
117 0.3021623471190966
118 0.29979998384233764
119 0.29746039107599653
120 0.2951433456064413
121 0.2928486264169046
122 0.29057601466583033
123 0.2883252936654361
124 0.28609624886048723
125 0.28388866780727984
126 0.28170234015283274
127 0.2795370576142839
128 0.2773926139584899
129 0.2752688049818276
130 0.2731654284901954
131 0.2710822842792102
132 0.26901917411460463
133 0.2669759017128096
134 0.2649522727217359
135 0.26294809470174196
136 0.26096317710679195
137 0.2589973312657943
138 0.25705037036413025
139 0.2551221094253639
140 0.25321236529312685
141 0.2513209566131902
142 0.24944770381570663
143 0.24759242909763088
144 0.24575495640531306
145 0.24393511141726112
146 0.24213272152707943
147 0.24034761582656838
148 0.23857962508899647
149 0.23682858175253207
150 0.23509431990384486
151 0.23337667526186331
152 0.2316754851616943
153 0.22999058853870344
154 0.22832182591274797
155 0.22666903937257107
156 0.2250320725603422
157 0.223410770656357
158 0.22180498036388616
159 0.22021454989416964
160 0.21863932895156488
161 0.2170791687188376
162 0.21553392184259645
163 0.2140034424188773
164 0.21248758597886228
165 0.2109862094747446
166 0.20949917126573123
167 0.20802633110418176
168 0.2065675501218877
169 0.20512269081648352
170 0.20369161703799382
171 0.20227419397551166
172 0.2008702881440084
173 0.19947976737127632
174 0.19810250078499447
175 0.1967383587999271
176 0.19538721310524565
177 0.19404893665197712
178 0.19272340364057494
179 0.19141048950861161
180 0.1901100709185958
181 0.18882202574590667
182 0.18754623306684737
183 0.18628257314681823
184 0.18503092742860397
185 0.18379117852077848
186 0.18256321018622162
187 0.1813469073307529
188 0.1801421559918719
189 0.17894884332761435
190 0.17776685760551655
191 0.17659608819168704
192 0.1754364255399874
193 0.17428776118131994
194 0.17314998771301998
195 0.17202299878835384
196 0.1709066891061184
197 0.16980095440034634
198 0.1687056914301082
199 0.16762079796941964
200 0.1665461727972459
201 0.1654817156876036
202 0.16442732739976346
203 0.16338290966854593
204 0.16234836519471418
205 0.16132359763546303
206 0.1603085115949987
207 0.15930301261521418
208 0.15830700716645324
209 0.15732040263837033
210 0.1563431073308747
211 0.1553750304451693
212 0.1544160820748725
213 0.15346617319723316
214 0.15252521566442745
215 0.1515931221949432
216 0.15066980636505023
217 0.14975518260035275
218 0.1488491661674263
219 0.1479516731655372
220 0.14706262051844196
221 0.14618192596626955
222 0.14530950805748283
223 0.14444528614091842
224 0.1435891803579061
225 0.1427411116344656
226 0.1419010016735799
227 0.14106877294754525
228 0.14024434869039512
229 0.13942765289040118
230 0.1386186102826465
231 0.13781714634167183
232 0.137023187274195
233 0.1362366600119023
234 0.1354574922043098
235 0.13468561221169612
236 0.13392094909810398
237 0.1331634326244113
238 0.13241299324147054
239 0.13166956208331457
240 0.13093307096043158
241 0.13020345235310427
242 0.12948063940481513
243 0.1287645659157179
244 0.12805516633617148
245 0.12735237576033928
246 0.12665612991985026
247 0.12596636517752344
248 0.12528301852115314
249 0.12460602755735695
250 0.12393533050548304
251 0.12327086619157784
252 0.12261257404241359
253 0.12196039407957392
254 0.1213142669135983
255 0.12067413373818466
256 0.12003993632444758
257 0.1194116170152345
258 0.11878911871949688
259 0.1181723849067187
260 0.1175613596013966
261 0.11695598737757758
262 0.11635621335344894
263 0.1157619831859811
264 0.1151732430656254
265 0.11458993971106099
266 0.11401202036399621
267 0.11343943278401954
268 0.11287212524350182
269 0.11231004652254943
270 0.11175314590400551
271 0.11120137316850133
272 0.11065467858955758
273 0.11011301292873187
274 0.10957632743081497
275 0.1090445738190744
276 0.10851770429054548
277 0.107995671511367
278 0.10747842861216476
279 0.1069659291834799
280 0.10645812727124161
281 0.10595497737228497
282 0.1054564344299134
283 0.10496245382950446
284 0.10447299139415822
285 0.10398800338038937
286 0.10350744647386206
287 0.10303127778516541
288 0.1025594548456325
289 0.10209193560319811
290 0.10162867841829969
291 0.1011696420598178
292 0.10071478570105573
293 0.10026406891575915
294 0.09981745167417651
295 0.0993748943391563
296 0.09893635766228273
297 0.09850180278005094
298 0.09807119121007962
299 0.09764448484735871
300 0.09722164596053766
301 0.09680263718824694
302 0.09638742153545846
303 0.09597596236987958
304 0.09556822341838364
305 0.09516416876347716
306 0.09476376283979819
307 0.09436697043065286
308 0.09397375666458398
309 0.09358408701197413
310 0.09319792728168162
311 0.0928152436177105
312 0.0924360024959127
313 0.09206017072072235
314 0.09168771542192355
315 0.0913186040514489
316 0.09095280438020942
317 0.0905902844949567
318 0.09023101279517502
319 0.08987495799000438
320 0.0895220890951941
321 0.08917237543008616
322 0.08882578661462798
323 0.08848229256641597
324 0.08814186349776561
325 0.08780446991281297
326 0.08747008260464438
327 0.08713867265245184
328 0.08681021141872015
329 0.08648467054643948
330 0.08616202195634504
331 0.08584223784418567
332 0.08552529067801846
333 0.08521115319552977
334 0.08489979840138233
335 0.08459119956458964
336 0.08428533021591587
337 0.0839821641453
338 0.08368167539930739
339 0.0833838382786052
340 0.08308862733546254
341 0.08279601737127629
342 0.08250598343412001
343 0.08221850081631824
344 0.08193354505204394
345 0.08165109191493865
346 0.08137111741575931
347 0.08109359780004412
348 0.08081850954580443
349 0.08054582936123776
350 0.08027553418246446
351 0.08000760117128564
352 0.07974200771296366
353 0.0794787314140249
354 0.07921775010008322
355 0.07895904181368532
356 0.0787025848121779
357 0.07844835756559498
358 0.07819633875456618
359 0.07794650726824573
360 0.0776988422022622
361 0.07745332285668796
362 0.07720992873402875
363 0.07696863953723292
364 0.07672943516772113
365 0.07649229572343372
366 0.07625720149689914
367 0.07602413297332036
368 0.07579307082868053
369 0.07556399592786675
370 0.07533688932281331
371 0.07511173225066185
372 0.07488850613194133
373 0.0746671925687641
374 0.0744477733430412
375 0.07423023041471452
376 0.07401454592000652
377 0.07380070216968691
378 0.0735886816473571
379 0.07337846700775097
380 0.07317004107505223
381 0.072963386841229
382 0.07275848746438425
383 0.07255532626712272
384 0.07235388673493359
385 0.07215415251458984
386 0.07195610741256239
387 0.07175973539345049
388 0.07156502057842773
389 0.07137194724370252
390 0.0711804998189944
391 0.0709906628860254
392 0.0708024211770258
393 0.07061575957325518
394 0.07043066310353725
395 0.07024711694280998
396 0.0700651064106889
397 0.0698846169700466
398 0.06970563422560323
399 0.06952814392253344
400 0.06935213194508594
401 0.06917758431521687
402 0.06900448719123607
403 0.06883282686646792
404 0.06866258976792385
405 0.06849376245498932
406 0.0683263316181227
407 0.06816028407756758
408 0.06799560678207714
409 0.06783228680765206
410 0.06767031135628977
411 0.06750966775474654
412 0.0673503434533122
413 0.06719232602459552
414 0.06703560316232351
415 0.06688016268015115
416 0.06672599251048257
417 0.06657308070330537
418 0.06642141542503491
419 0.06627098495737073
420 0.06612177769616427
421 0.06597378215029721
422 0.06582698694057125
423 0.06568138079860898
424 0.06553695256576522
425 0.06539369119204899
426 0.06525158573505642
427 0.06511062535891432
428 0.06497079933323327
429 0.0648320970320723
430 0.06469450793291254
431 0.06455802161564189
432 0.06442262776154895
433 0.06428831615232737
434 0.06415507666909015
435 0.06402289929139264
436 0.0638917740962666
437 0.06376169125726255
438 0.06363264104350186
439 0.06350461381873916
440 0.06337760004043205
441 0.06325159025882174
442 0.0631265751160222
443 0.06300254534511741
444 0.0628794917692688
445 0.06275740530083092
446 0.0626362769404754
447 0.06251609777632428
448 0.06239685898309143
449 0.06227855182123209
450 0.062161167636102015
451 0.06204469785712318
452 0.06192913399695941
453 0.06181446765069886
454 0.06170069049504458
455 0.061587794287514534
456 0.06147577086564737
457 0.06136461214621775
458 0.061254310124458124
459 0.06114485687328931
460 0.061036244542557586
461 0.06092846535828014
462 0.06082151162189738
463 0.0607153757095329
464 0.06061005007126047
465 0.06050552723037877
466 0.06040179978269239
467 0.060298860395800846
468 0.06019670180839418
469 0.060095316829554886
470 0.05999469833806785
471 0.05989483928173659
472 0.05979573267670572
473 0.059697371606790874
474 0.05959974922281435
475 0.05950285874194875
476 0.05940669344706528
477 0.05931124668608945
478 0.05921651187136354
479 0.05912248247901402
480 0.05902915204832654
481 0.058936514181126276
482 0.05884456254116446
483 0.0587532908535113
484 0.058662692903954615
485 0.058572762538404086
486 0.05848349366230211
487 0.05839488024004006
488 0.058306916294379854
489 0.05821959590588186
490 0.05813291321233834
491 0.05804686240821216
492 0.05796143774408124
493 0.05787663352608827
494 0.057792444115396344
495 0.057708863927649345
496 0.057625887432437566
497 0.0575435091527698
498 0.057461723664548756
499 0.057380525596053424
500 0.05729990962742496
501 0.057219870490159204
502 0.05714040296660277
503 0.0570615018894546
504 0.05698316214127345
505 0.056905378653988106
506 0.05682814640841441
507 0.05675146043377595
508 0.056675315807229704
509 0.05659970765339658
510 0.0565246311438963
511 0.05645008149688665
512 0.05637605397660814
513 0.05630254389293231
514 0.05622954660091405
515 0.05615705750035058
516 0.05608507203534133
517 0.0560135856938557
518 0.05594259400730185
519 0.05587209255010265
520 0.055802076939273505
521 0.055732542834005395
522 0.05566348593525229
523 0.05559490198532153
524 0.05552678676746964
525 0.05545913610550059
526 0.05539194586336965
527 0.055325211944789364
528 0.055258930292841214
529 0.05519309688958947
530 0.05512770775570011
531 0.055062758950062574
532 0.05499824656941595
533 0.054934166747978255
534 0.05487051565707965
535 0.054807289504799316
536 0.0547444845356058
537 0.05468209703000078
538 0.05462012330416662
539 0.054558559709617135
540 0.05449740263285192
541 0.05443664849501391
542 0.05437629375155069
543 0.05431633489187871
544 0.054256768439051035
545 0.05419759094942809
546 0.05413879901235228
547 0.05408038924982508
548 0.054022358316187666
549 0.05396470289780453
550 0.05390741971275052
551 0.0538505055105006
552 0.053793957071622704
553 0.053737771207474035
554 0.05368194475989947
555 0.05362647460093403
556 0.05357135763250735
557 0.053516590786151674
558 0.053462171022712404
559 0.05340809533206108
560 0.05335436073281282
561 0.05330096427204398
562 0.05324790302501504
563 0.053195174094894646
564 0.05314277461248723
565 0.053090701735962496
566 0.053038952650588306
567 0.05298752456846625
568 0.052936414728268565
569 0.05288562039497959
570 0.05283513885963811
571 0.05278496743908302
572 0.05273510347570097
573 0.052685544337177655
574 0.05263628741624978
575 0.052587330130461275
576 0.05253866992192032
577 0.05249030425705993
578 0.05244223062640009
579 0.05239444654431336
580 0.0523469495487907
581 0.05229973720121233
582 0.05225280708611824
583 0.052206156810982875
584 0.05215978400599095
585 0.05211368632381594
586 0.05206786143940051
587 0.05202230704973925
588 0.05197702087366363
589 0.05193200065162859
590 0.05188724414550201
591 0.05184274913835541
592 0.05179851343425753
593 0.05175453485806889
594 0.05171081125523981
595 0.05166734049160883
596 0.05162412045320449
597 0.05158114904604823
598 0.05153842419595881
599 0.0514959438483606
600 0.051453705968091214
601 0.05141170853921298
602 0.05136994956482508
603 0.051328427066878575
604 0.05128713908599173
605 0.05124608368126934
606 0.05120525893012134
607 0.051164662928085254
608 0.051124293788649286
609 0.0510841496430774
610 0.05104422864023614
611 0.05100452894642339
612 0.050965048745198305
613 0.05092578623721336
614 0.05088673964004777
615 0.0508479071880426
616 0.05080928713213797
617 0.05077087773971086
618 0.05073267729441536
619 0.05069468409602439
620 0.05065689646027247
621 0.05061931271870065
622 0.05058193121850229
623 0.05054475032237138
624 0.0505077684083509
625 0.05047098386968402
626 0.05043439511466635
627 0.05039800056649914
628 0.050361798663144074
629 0.05032578785718041
630 0.05028996661566239
631 0.05025433341997839
632 0.05021888676571181
633 0.05018362516250273
634 0.05014854713391176
635 0.05011365121728422
636 0.05007893596361645
637 0.05004439993742271
638 0.05001004171660465
639 0.0499758598923204
640 0.04994185306885604
641 0.04990801986349828
642 0.04987435890640763
643 0.04984086884049422
644 0.04980754832129309
645 0.04977439601684196
646 0.04974141060755983
647 0.04970859078612692
648 0.04967593525736525
649 0.049643442738121095
650 0.049611111957148235
651 0.049578941654992055
652 0.04954693058387558
653 0.04951507750758602
654 0.04948338120136221
655 0.04945184045178426
656 0.0494204540566627
657 0.049389220824930136
658 0.04935813957653326
659 0.049327209142325926
660 0.049296428363963384
661 0.049265796093797776
662 0.04923531119477427
663 0.04920497254032841
664 0.04917477901428461
665 0.049144729510755006
666 0.04911482293404062
667 0.0490850581985317
668 0.049055434228610646
669 0.0490259499585551
670 0.04899660433244187
671 0.04896739630405214
672 0.04893832483677786
673 0.048909388903528125
674 0.048880587486637705
675 0.048851919577775106
676 0.048823384177852834
677 0.04879498029693759
678 0.048766706954161985
679 0.04873856317763656
680 0.048710548004363086
681 0.04868266048014868
682 0.04865489965952039
683 0.048627264605641304
684 0.04859975439022646
685 0.048572368093460785
686 0.04854510480391713
687 0.04851796361847452
688 0.048490943642238965
689 0.04846404398846325
690 0.04843726377846848
691 0.0484106021415663
692 0.048384058214981276
693 0.04835763114377506
694 0.048331320080770325
695 0.04830512418647596
696 0.04827904262901301
697 0.048253074584041176
698 0.0482272192346859
699 0.048201475771466516
700 0.04817584339222509
701 0.048150321302055425
702 0.048124908713233217
703 0.048099604845147324
704 0.0480744089242303
705 0.04804932018389156
706 0.04802433786444904
707 0.0479994612130636
708 0.04797468948367242
709 0.04795002193692432
710 0.047925457840114614
711 0.04790099646712128
712 0.04787663709834164
713 0.047852379020629575
714 0.04782822152723362
715 0.04780416391773487
716 0.047780205497986825
717 0.04775634558005407
718 0.047732583482153604
719 0.047708918528594976
720 0.04768535004972177
721 0.047661877381854074
722 0.047638499867230455
723 0.04761521685395131
724 0.0475920276959228
725 0.04756893175280069
726 0.04754592838993532
727 0.047523016978317095
728 0.04750019689452189
729 0.047477467520657735
730 0.04745482824431184
731 0.047432278458497824
732 0.047409817561603604
733 0.047387444957340034
734 0.04736516005468975
735 0.04734296226785644
736 0.04732085101621554
737 0.047298825724263464
738 0.04727688582156972
739 0.04725503074272745
740 0.047233259927305905
741 0.047211572819802254
742 0.04718996886959486
743 0.047168447530896405
744 0.04714700826270748
745 0.04712565052877092
746 0.047104373797526446
747 0.04708317754206557
748 0.047062061240087404
749 0.04704102437385436
750 0.047020066430148534
751 0.04699918690022869
752 0.04697838527978728
753 0.046957661068908335
754 0.04693701377202538
755 0.04691644289787974
756 0.04689594795947967
757 0.04687552847405969
758 0.04685518396303988
759 0.046834913951986454
760 0.04681471797057167
761 0.04679459555253519
762 0.046774546235644913
763 0.04675456956165897
764 0.04673466507628706
765 0.046714832329153716
766 0.04669507087376023
767 0.04667538026744807
768 0.046655760071362365
769 0.046636209850415625
770 0.046616729173251804
771 0.0465973176122109
772 0.04657797474329413
773 0.0465587001461282
774 0.04653949340393224
775 0.04652035410348199
776 0.0465012818350775
777 0.04648227619250887
778 0.04646333677302332
779 0.04644446317729222
780 0.04642565500937875
781 0.046406911876705946
782 0.046388233390024056
783 0.046369619163380046
784 0.04635106881408541
785 0.04633258196268571
786 0.04631415823292996
787 0.046295797251740024
788 0.046277498649180814
789 0.04625926205843028
790 0.04624108711575029
791 0.0462229734604572
792 0.04620492073489287
793 0.046186928584396394
794 0.04616899665727548
795 0.04615112460477854
796 0.04613331208106668
797 0.04611555874318673
798 0.0460978642510432
799 0.04608022826737194
800 0.046062650457713405
801 0.04604513049038555
802 0.04602766803645857
803 0.04601026276972827
804 0.045992914366690445
805 0.04597562250651587
806 0.04595838687102455
807 0.04594120714466121
808 0.04592408301447035
809 0.045907014170071786
810 0.04589000030363673
811 0.04587304110986321
812 0.04585613628595292
813 0.04583928553158726
814 0.045822488548904444
815 0.04580574504247592
816 0.045789054719283954
817 0.04577241728869897
818 0.045755832462456646
819 0.04573929995463658
820 0.0457228194816395
821 0.04570639076216613
822 0.045690013517195045
823 0.04567368746996206
824 0.045657412345938425
825 0.045641187872810206
826 0.04562501378045766
827 0.04560888980093463
828 0.04559281566844803
829 0.045576791119337996
830 0.045560815892057835
831 0.04554488972715431
832 0.04552901236724823
833 0.04551318355701479
834 0.04549740304316464
835 0.045481670574424815
836 0.04546598590152024
837 0.04545034877715455
838 0.04543475895599217
839 0.04541921619463973
840 0.04540372025162831
841 0.04538827088739533
842 0.04537286786426677
843 0.045357510946439625
844 0.045342199899964894
845 0.04532693449272987
846 0.04531171449444137
847 0.04529653967660879
848 0.04528140981252729
849 0.04526632467726162
850 0.045251284047629
851 0.04523628770218382
852 0.04522133542120057
853 0.0452064269866589
854 0.04519156218222694
855 0.04517674079324631
856 0.0451619626067166
857 0.04514722741127963
858 0.04513253499720473
859 0.0451178851563736
860 0.045103277682265186
861 0.045088712369941344
862 0.04507418901603197
863 0.04505970741872082
864 0.04504526737773068
865 0.04503086869431006
866 0.04501651117121832
867 0.045002194612711946
868 0.04498791882453144
869 0.044973683613886796
870 0.044959488789444724
871 0.0449453341613147
872 0.04493121954103631
873 0.04491714474156544
874 0.04490310957726216
875 0.04488911386387705
876 0.04487515741853909
877 0.04486124005974253
878 0.04484736160733485
879 0.04483352188250415
880 0.044819720707767
881 0.044805957906956205
882 0.04479223330520884
883 0.04477854672895449
884 0.04476489800590329
885 0.044751286965034304
886 0.04473771343658409
887 0.044724177252035
888 0.04471067824410421
889 0.04469721624673213
890 0.0446837910950715
891 0.04467040262547642
892 0.04465705067549137
893 0.04464373508384025
894 0.04463045569041603
895 0.0446172123362699
896 0.04460400486360089
897 0.044590833115745514
898 0.04457769693716733
899 0.04456459617344695
900 0.044551530671271745
901 0.04453850027842628
902 0.04452550484378167
903 0.044512544217286475
904 0.04449961824995677
905 0.044486726793866345
906 0.04447386970213743
907 0.044461046828931254
908 0.044448258029438616
909 0.044435503159870375
910 0.044422782077449055
911 0.044410094640399
912 0.04439744070793757
913 0.0443848201402667
914 0.0443722327985636
915 0.04435967854497194
916 0.04434715724259384
917 0.04433466875548076
918 0.04432221294862495
919 0.0443097896879517
920 0.04429739884031032
921 0.044285040273466324
922 0.044272713856092945
923 0.04426041945776353
924 0.04424815694894308
925 0.04423592620098057
926 0.04422372708610104
927 0.04421155947739778
928 0.04419942324882477
929 0.044187318275188806
930 0.044175244432142366
931 0.04416320159617551
932 0.04415118964460917
933 0.04413920845558726
934 0.04412725790806958
935 0.044115337881825034
936 0.04410344825742368
937 0.044091588916230384
938 0.044079759740397496
939 0.044067960612857955
940 0.04405619141731868
941 0.04404445203825321
942 0.04403274236089557
943 0.04402106227123351
944 0.044009411656001335
945 0.04399779040267421
946 0.043986198399461086
947 0.0439746355352985
948 0.0439631016998442
949 0.043951596783470846
950 0.043940120677259865
951 0.04392867327299504
952 0.04391725446315672
953 0.04390586414091546
954 0.043894502200126376
955 0.043883168535322654
956 0.04387186304171042
957 0.04386058561516211
958 0.04384933615221156
959 0.04383811455004718
960 0.04382692070650752
961 0.04381575452007487
962 0.04380461588986978
963 0.04379350471564589
964 0.04378242089778415
965 0.04377136433728755
966 0.04376033493577599
967 0.04374933259548037
968 0.043738357219238175
969 0.043727408710487484
970 0.043716486973262546
971 0.043705591912188015
972 0.04369472343247438
973 0.04368388143991272
974 0.043673065840869794
975 0.04366227654228344
976 0.04365151345165705
977 0.04364077647705554
978 0.04363006552709973
979 0.043619380510962626
980 0.04360872133836379
981 0.043598087919565306
982 0.043587480165366836
983 0.04357689798710151
984 0.043566341296630846
985 0.04355581000634073
986 0.04354530402913704
987 0.043534823278440785
988 0.043524367668184155
989 0.04351393711280632
990 0.04350353152724883
991 0.04349315082695157
992 0.04348279492784863
993 0.043472463746364404
994 0.04346215719940857
995 0.04345187520437324
996 0.04344161767912833
997 0.04343138454201734
998 0.04342117571185398
999 0.0434109911079179
