0 3.257856359968364
1 1.8869727588470164
2 1.2684217634623605
3 0.9187397142681503
4 0.7313777800715288
5 0.6251610896165037
6 0.5646020872117058
7 0.5282829353734595
8 0.505148184941671
9 0.4890588873168501
10 0.4767490713942234
11 0.46646326043598135
12 0.45727507213890617
13 0.44870076629543276
14 0.440493067104435
15 0.4325291303997467
16 0.42475052217344156
17 0.4171313190577657
18 0.4096613439916916
19 0.40233753938739253
20 0.39515964249230223
21 0.3881281194339479
22 0.38124325477583054
23 0.37450481674820635
24 0.36791199396417207
25 0.36146344900612365
26 0.3551574123455677
27 0.3489917810086808
28 0.3429642070604832
29 0.3370721711395072
30 0.3313130409233009
31 0.3256841162971547
32 0.3201826635445179
33 0.3148059408190215
34 0.3095512168619318
35 0.30441578457320784
36 0.299396970707323
37 0.2944921426762263
38 0.28969871320712237
39 0.28501414341814457
40 0.28043594473278993
41 0.27596167994595483
42 0.2715889636731561
43 0.26731546235386394
44 0.26313889393475914
45 0.2590570273253614
46 0.2550676816938179
47 0.25116872565249226
48 0.24735807636962204
49 0.24363369863350381
50 0.23999360388845692
51 0.23643584925653285
52 0.23295853655505264
53 0.22955981131723086
54 0.22623786182105404
55 0.22299091813006947
56 0.21981725114862125
57 0.21671517169326787
58 0.21368302958151852
59 0.21071921273859634
60 0.20782214632262194
61 0.20499029186839043
62 0.20222214644974554
63 0.19951624186044123
64 0.19687114381329812
65 0.19428545115740267
66 0.1917577951130599
67 0.1892868385241756
68 0.1868712751277426
69 0.18450982884007483
70 0.18220125305944537
71 0.17994432998477308
72 0.17773786995000604
73 0.1755807107738554
74 0.17347171712453235
75 0.17140977989915213
76 0.16939381561746858
77 0.1674227658296137
78 0.1654955965375247
79 0.16361129762973525
80 0.16176888232923525
81 0.159967386654088
82 0.15820586889051902
83 0.15648340907818137
84 0.154799108507322
85 0.15315208922757287
86 0.15154149356809626
87 0.14996648366882484
88 0.14842624102253898
89 0.14691996602752974
90 0.14544687755060454
91 0.14400621250019607
92 0.1425972254093407
93 0.14121918802829725
94 0.13987138892658574
95 0.1385531331042255
96 0.137263741611962
97 0.13600255118027393
98 0.13476891385695627
99 0.13356219665308522
100 0.13238178119716412
101 0.13122706339726972
102 0.13009745311100548
103 0.12899237382308926
104 0.127911262330391
105 0.1268535684342558
106 0.1258187546399381
107 0.12480629586298564
108 0.12381567914241098
109 0.12284640336049536
110 0.1218979789690696
111 0.12096992772212276
112 0.12006178241459468
113 0.11917308662720487
114 0.11830339447718285
115 0.1174522703747594
116 0.11661928878528907
117 0.11580403399687199
118 0.1150060998933466
119 0.11422508973253201
120 0.11346061592959683
121 0.11271229984543467
122 0.1119797715799351
123 0.11126266977003078
124 0.11056064139241505
125 0.10987334157082002
126 0.1092004333877506
127 0.1085415877005689
128 0.10789648296183342
129 0.10726480504378871
130 0.10664624706691457
131 0.1060405092324375
132 0.1054472986587146
133 0.10486632922140024
134 0.10429732139730638
135 0.1037400021118743
136 0.10319410459017037
137 0.1026593682113281
138 0.1021355383663539
139 0.10162236631922009
140 0.10111960907117
141 0.10062702922815817
142 0.10014439487135648
143 0.09967147943065251
144 0.09920806156107291
145 0.09875392502206344
146 0.0983088585595589
147 0.09787265579077975
148 0.0974451150916909
149 0.09702603948706366
150 0.09661523654307676
151 0.09621251826240207
152 0.09581770098171355
153 0.09543060527156677
154 0.0950510558385921
155 0.09467888142994806
156 0.09431391473998492
157 0.09395599231906386
158 0.09360495448448451
159 0.09326064523347226
160 0.09292291215817458
161 0.09259160636262452
162 0.0922665823816218
163 0.0919476981014896
164 0.09163481468266303
165 0.09132779648406611
166 0.09102651098923761
167 0.09073082873416353
168 0.09044062323677801
169 0.09015577092809386
170 0.08987615108492408
171 0.08960164576415892
172 0.08933213973856215
173 0.08906752043405035
174 0.0888076778684226
175 0.08855250459150621
176 0.08830189562668506
177 0.08805574841377962
178 0.0878139627532476
179 0.08757644075167385
180 0.08734308676851932
181 0.08711380736410161
182 0.08688851124877782
183 0.08666710923330043
184 0.08644951418032203
185 0.08623564095701987
186 0.08602540638881565
187 0.08581872921416438
188 0.08561553004038831
189 0.08541573130053144
190 0.08521925721121108
191 0.08502603373144367
192 0.08483598852242077
193 0.08464905090821692
194 0.084465151837403
195 0.08428422384554832
196 0.08410620101858794
197 0.08393101895703743
198 0.08375861474103397
199 0.08358892689618572
200 0.0834218953602099
201 0.0832574614503407
202 0.0830955678314934
203 0.08293615848515981
204 0.08277917867902644
205 0.08262457493729157
206 0.08247229501166989
207 0.08232228785306647
208 0.082174503583905
209 0.08202889347109604
210 0.08188540989962896
211 0.08174400634677446
212 0.08160463735688338
213 0.08146725851676671
214 0.08133182643164572
215 0.08119829870165668
216 0.08106663389889868
217 0.08093679154501175
218 0.08080873208927283
219 0.08068241688719827
220 0.08055780817963956
221 0.0804348690723626
222 0.08031356351609968
223 0.08019385628705966
224 0.08007571296789111
225 0.07995909992908348
226 0.07984398431079914
227 0.07973033400512264
228 0.07961811763872378
229 0.07950730455591745
230 0.07939786480211702
231 0.07928976910766918
232 0.07918298887206182
233 0.07907749614849705
234 0.07897326362882061
235 0.07887026462879959
236 0.07876847307373855
237 0.07866786348443025
238 0.07856841096342895
239 0.0784700911816419
240 0.07837288036522935
241 0.0782767552828079
242 0.07818169323294956
243 0.07808767203196856
244 0.07799467000199127
245 0.07790266595930018
246 0.07781163920294903
247 0.07772156950363839
248 0.07763243709285055
249 0.0775442226522337
250 0.07745690730323129
251 0.07737047259695178
252 0.07728490050427146
253 0.07720017340616589
254 0.0771162740842649
255 0.07703318571162525
256 0.07695089184371674
257 0.07686937640961601
258 0.07678862370340378
259 0.07670861837576087
260 0.07662934542575785
261 0.07655079019283442
262 0.07647293834896453
263 0.0763957758910008
264 0.07631928913319735
265 0.07624346469990405
266 0.07616828951843034
267 0.07609375081207277
268 0.07601983609330386
269 0.0759465331571188
270 0.07587383007453473
271 0.07580171518624039
272 0.07573017709639267
273 0.07565920466655618
274 0.07558878700978175
275 0.07551891348482338
276 0.07544957369048681
277 0.0753807574601098
278 0.07531245485616891
279 0.07524465616501183
280 0.0751773518917092
281 0.07511053275502773
282 0.0750441896825177
283 0.074978313805714
284 0.07491289645544817
285 0.07484792915726862
286 0.07478340362696623
287 0.07471931176620325
288 0.07465564565824355
289 0.07459239756377997
290 0.07452955991685983
291 0.07446712532090301
292 0.074405086544812
293 0.07434343651917245
294 0.07428216833254071
295 0.07422127522781702
296 0.07416075059870234
297 0.07410058798623743
298 0.07404078107542102
299 0.07398132369190616
300 0.07392220979877305
301 0.07386343349337622
302 0.07380498900426354
303 0.07374687068816793
304 0.07368907302706644
305 0.0736315906253094
306 0.07357441820681364
307 0.07351755061232114
308 0.07346098279672164
309 0.07340470982643615
310 0.07334872687686059
311 0.07329302922986923
312 0.07323761227137493
313 0.07318247148894576
314 0.0731276024694767
315 0.07307300089691503
316 0.07301866255003772
317 0.07296458330028095
318 0.0729107591096181
319 0.07285718602848852
320 0.07280386019377241
321 0.07275077782681302
322 0.07269793523148509
323 0.07264532879230619
324 0.07259295497259295
325 0.07254081031265935
326 0.07248889142805615
327 0.0724371950078514
328 0.07238571781295008
329 0.07233445667445285
330 0.0722834084920525
331 0.07223257023246676
332 0.07218193892790807
333 0.07213151167458812
334 0.07208128563125711
335 0.07203125801777571
336 0.07198142611372108
337 0.07193178725702468
338 0.07188233884264097
339 0.07183307832124679
340 0.07178400319797124
341 0.07173511103115456
342 0.07168639943113518
343 0.07163786605906516
344 0.07158950862575211
345 0.07154132489052992
346 0.07149331266015171
347 0.07144546978771209
348 0.07139779417159207
349 0.0713502837544281
350 0.07130293652210667
351 0.07125575050277971
352 0.07120872376590437
353 0.07116185442130353
354 0.07111514061824965
355 0.07106858054456773
356 0.0710221724257603
357 0.07097591452415195
358 0.07092980513805341
359 0.07088384260094566
360 0.07083802528068109
361 0.07079235157870538
362 0.07074681992929477
363 0.07070142879881347
364 0.07065617668498513
365 0.07061106211618401
366 0.07056608365074027
367 0.07052123987626245
368 0.07047652940897506
369 0.07043195089307092
370 0.07038750300007944
371 0.0703431844282487
372 0.07029899390194164
373 0.07025493017104663
374 0.07021099201040072
375 0.07016717821922734
376 0.07012348762058575
377 0.0700799190608341
378 0.07003647140910346
379 0.06999314355678563
380 0.06994993441703168
381 0.06990684292426169
382 0.0698638680336867
383 0.06982100872084085
384 0.0697782639811248
385 0.06973563282935905
386 0.06969311429934794
387 0.0696507074434537
388 0.06960841133217943
389 0.06956622505376321
390 0.06952414771377993
391 0.06948217843475296
392 0.0694403163557748
393 0.069398560632136
394 0.06935691043496352
395 0.06931536495086603
396 0.06927392338158792
397 0.0692325849436719
398 0.06919134886812865
399 0.06915021440011365
400 0.0691091807986122
401 0.06906824733613137
402 0.06902741329839884
403 0.06898667798406892
404 0.06894604070443484
405 0.06890550078314808
406 0.06886505755594405
407 0.06882471037037388
408 0.06878445858554195
409 0.06874430157185064
410 0.06870423871074953
411 0.06866426939449131
412 0.06862439302589264
413 0.06858460901810087
414 0.06854491679436615
415 0.06850531578781774
416 0.0684658054412476
417 0.06842638520689602
418 0.06838705454624494
419 0.0683478129298139
420 0.06830865983696209
421 0.06826959475569357
422 0.06823061718246845
423 0.06819172662201693
424 0.06815292258715858
425 0.06811420459862533
426 0.06807557218488852
427 0.06803702488199014
428 0.06799856223337722
429 0.06796018378974074
430 0.06792188910885852
431 0.06788367775543985
432 0.06784554930097596
433 0.06780750332359277
434 0.06776953940790634
435 0.06773165714488309
436 0.06769385613170227
437 0.0676561359716215
438 0.06761849627384577
439 0.06758093665339929
440 0.06754345673100011
441 0.06750605613293786
442 0.06746873449095384
443 0.06743149144212435
444 0.06739432662874617
445 0.06735723969822505
446 0.06732023030296672
447 0.06728329810026958
448 0.06724644275222134
449 0.06720966392559628
450 0.06717296129175616
451 0.06713633452655295
452 0.0670997833102335
453 0.06706330732734632
454 0.06702690626665156
455 0.06699057982103092
456 0.06695432768740223
457 0.0669181495666337
458 0.06688204516346158
459 0.06684601418640827
460 0.0668100563477042
461 0.06677417136320947
462 0.06673835895233905
463 0.0667026188379879
464 0.06666695074645929
465 0.06663135440739425
466 0.06659582955370182
467 0.06656037592149204
468 0.06652499325001014
469 0.06648968128157154
470 0.06645443976149892
471 0.06641926843806095
472 0.06638416706241165
473 0.06634913538853157
474 0.0663141731731706
475 0.06627928017579106
476 0.06624445615851302
477 0.06620970088606092
478 0.0661750141257102
479 0.0661403956472365
480 0.0661058452228654
481 0.06607136262722285
482 0.06603694763728785
483 0.06600260003234498
484 0.06596831959393878
485 0.06593410610582856
486 0.06589995935394537
487 0.06586587912634799
488 0.065831865213182
489 0.06579791740663818
490 0.06576403550091274
491 0.06573021929216827
492 0.06569646857849498
493 0.06566278315987385
494 0.06562916283813948
495 0.06559560741694474
496 0.06556211670172546
497 0.06552869049966666
498 0.06549532861966817
499 0.06546203087231317
500 0.0654287970698352
501 0.06539562702608734
502 0.06536252055651158
503 0.06532947747810895
504 0.06529649760941003
505 0.06526358077044675
506 0.06523072678272404
507 0.06519793546919282
508 0.0651652066542231
509 0.06513254016357763
510 0.06509993582438679
511 0.06506739346512334
512 0.06503491291557785
513 0.06500249400683479
514 0.06497013657124961
515 0.06493784044242505
516 0.06490560545518965
517 0.06487343144557516
518 0.0648413182507954
519 0.06480926570922554
520 0.06477727366038113
521 0.06474534194489875
522 0.06471347040451575
523 0.06468165888205138
524 0.06464990722138829
525 0.06461821526745368
526 0.06458658286620164
527 0.06455500986459593
528 0.06452349611059226
529 0.06449204145312168
530 0.0644606457420742
531 0.06442930882828299
532 0.06439803056350824
533 0.06436681080042185
534 0.06433564939259254
535 0.06430454619447112
536 0.06427350106137616
537 0.06424251384947954
538 0.06421158441579299
539 0.0641807126181544
540 0.0641498983152149
541 0.06411914136642581
542 0.06408844163202562
543 0.06405779897302828
544 0.06402721325121047
545 0.06399668432910029
546 0.06396621206996535
547 0.06393579633780157
548 0.06390543699732175
549 0.06387513391394518
550 0.06384488695378672
551 0.06381469598364646
552 0.06378456087099939
553 0.06375448148398573
554 0.06372445769140071
555 0.06369448936268561
556 0.06366457636791786
557 0.06363471857780222
558 0.06360491586366146
559 0.06357516809742804
560 0.06354547515163522
561 0.06351583689940853
562 0.06348625321445812
563 0.06345672397106973
564 0.06342724904409773
565 0.06339782830895689
566 0.06336846164161494
567 0.06333914891858494
568 0.06330989001691835
569 0.0632806848141978
570 0.06325153318853007
571 0.06322243501853904
572 0.06319339018335961
573 0.06316439856263045
574 0.06313546003648819
575 0.06310657448556077
576 0.06307774179096122
577 0.06304896183428216
578 0.06302023449758931
579 0.06299155966341588
580 0.06296293721475711
581 0.06293436703506448
582 0.06290584900824034
583 0.0628773830186326
584 0.06284896895102961
585 0.06282060669065458
586 0.0627922961231613
587 0.06276403713462862
588 0.06273582961155583
589 0.06270767344085788
590 0.06267956850986107
591 0.06265151470629803
592 0.06262351191830337
593 0.0625955600344098
594 0.06256765894354314
595 0.06253980853501878
596 0.06251200869853699
597 0.062484259324179274
598 0.06245656030240445
599 0.06242891152404429
600 0.062401312880300604
601 0.062373764262740335
602 0.06234626556329293
603 0.06231881667424624
604 0.06229141748824331
605 0.0622640678982785
606 0.062236767797694374
607 0.06220951708017842
608 0.06218231563975977
609 0.0621551633708058
610 0.06212806016801944
611 0.06210100592643538
612 0.06207400054141772
613 0.06204704390865685
614 0.06202013592416632
615 0.06199327648428006
616 0.06196646548564964
617 0.06193970282524172
618 0.06191298840033478
619 0.061886322108517154
620 0.06185970384768399
621 0.06183313351603488
622 0.06180661101207102
623 0.061780136234593185
624 0.0617537090826991
625 0.06172732945578119
626 0.06170099725352395
627 0.06167471237590184
628 0.0616484747231772
629 0.06162228419589763
630 0.06159614069489443
631 0.061570044121279685
632 0.06154399437644465
633 0.06151799136205778
634 0.06149203498006242
635 0.06146612513267481
636 0.06144026172238232
637 0.06141444465194152
638 0.061388673824375926
639 0.061362949142974736
640 0.061337270511290426
641 0.061311637833137436
642 0.06128605101258978
643 0.061260509953980004
644 0.06123501456189716
645 0.0612095647411849
646 0.061184160396940274
647 0.06115880143451173
648 0.06113348775949749
649 0.061108219277744395
650 0.061082995895346055
651 0.0610578175186413
652 0.06103268405421257
653 0.06100759540888462
654 0.06098255148972354
655 0.06095755220403405
656 0.06093259745935925
657 0.06090768716347897
658 0.06088282122440797
659 0.0608579995503951
660 0.06083322204992153
661 0.0608084886317
662 0.06078379920467282
663 0.06075915367801119
664 0.06073455196111393
665 0.060709993963605755
666 0.06068547959533642
667 0.06066100876637965
668 0.06063658138703171
669 0.060612197367810136
670 0.06058785661945307
671 0.060563559052917694
672 0.060539304579379144
673 0.06051509311022967
674 0.06049092455707755
675 0.060466798831745654
676 0.06044271584627052
677 0.06041867551290186
678 0.060394677744100664
679 0.06037072245253893
680 0.06034680955109813
681 0.06032293895286845
682 0.06029911057114811
683 0.06027532431944191
684 0.06025158011146046
685 0.060227877861119404
686 0.06020421748253836
687 0.060180598890039974
688 0.06015702199814922
689 0.06013348672159216
690 0.060109992975295415
691 0.060086540674385236
692 0.060063129734186385
693 0.060039760070221854
694 0.06001643159821122
695 0.05999314423407055
696 0.05996989789391123
697 0.0599466924940395
698 0.05992352795095479
699 0.05990040418135017
700 0.059877321102110664
701 0.059854278630312764
702 0.059831276683223855
703 0.0598083151783011
704 0.059785394033191
705 0.0597625131657286
706 0.05973967249393642
707 0.05971687193602447
708 0.05969411141038871
709 0.05967139083561125
710 0.05964871013045859
711 0.05962606921388167
712 0.05960346800501524
713 0.05958090642317692
714 0.059558384387866294
715 0.05953590181876476
716 0.05951345863573469
717 0.059491054758818565
718 0.05946869010823895
719 0.059446364604396826
720 0.05942407816787202
721 0.059401830719421976
722 0.05937962217998146
723 0.05935745247066148
724 0.059335321512749485
725 0.05931322922770772
726 0.05929117553717368
727 0.05926916036295884
728 0.05924718362704832
729 0.059225245251600146
730 0.05920334515894512
731 0.0591814832715855
732 0.05915965951219537
733 0.0591378738036194
734 0.05911612606887221
735 0.05909441623113858
736 0.05907274421377206
737 0.05905110994029521
738 0.05902951333439839
739 0.059007954319939555
740 0.05898643282094385
741 0.05896494876160257
742 0.05894350206627354
743 0.05892209265947979
744 0.05890072046590933
745 0.0588793854104147
746 0.05885808741801256
747 0.05883682641388284
748 0.05881560232336868
749 0.058794415071975706
750 0.058773264585371465
751 0.05875215078938514
752 0.05873107361000725
753 0.0587100329733885
754 0.05868902880584005
755 0.05866806103383266
756 0.058647129583996184
757 0.05862623438311959
758 0.05860537535814986
759 0.05858455243619194
760 0.05856376554450807
761 0.05854301461051774
762 0.05852229956179661
763 0.058501620326076684
764 0.05848097683124553
765 0.05846036900534591
766 0.05843979677657549
767 0.0584192600732861
768 0.05839875882398367
769 0.058378292957327584
770 0.05835786240213025
771 0.058337467087356945
772 0.05831710694212489
773 0.05829678189570346
774 0.058276491877513326
775 0.05825623681712623
776 0.058236016644264484
777 0.05821583128880069
778 0.05819568068075718
779 0.058175564750305844
780 0.05815548342776762
781 0.05813543664361187
782 0.05811542432845647
783 0.0580954464130669
784 0.05807550282835639
785 0.05805559350538515
786 0.05803571837535994
787 0.058015877369634074
788 0.05799607041970672
789 0.05797629745722276
790 0.05795655841397197
791 0.05793685322188925
792 0.05791718181305394
793 0.057897544119689295
794 0.057877940074162505
795 0.05785836960898396
796 0.05783883265680716
797 0.05781932915042825
798 0.057799859022785595
799 0.05778042220695955
800 0.057761018636172085
801 0.057741648243786185
802 0.05772231096330609
803 0.057703006728376104
804 0.05768373547278107
805 0.05766449713044544
806 0.05764529163543328
807 0.05762611892194776
808 0.05760697892433093
809 0.05758787157706297
810 0.05756879681476267
811 0.057549754572186126
812 0.05753074478422732
813 0.057511767385917005
814 0.05749282231242297
815 0.057473909499049194
816 0.057455028881236124
817 0.05743618039455963
818 0.05741736397473146
819 0.05739857955759794
820 0.0573798270791409
821 0.05736110647547622
822 0.05734241768285397
823 0.05732376063765821
824 0.05730513527640664
825 0.0572865415357499
826 0.05726797935247177
827 0.05724944866348852
828 0.05723094940584868
829 0.05721248151673285
830 0.05719404493345326
831 0.057175639593453426
832 0.05715726543430791
833 0.05713892239372207
834 0.05712061040953175
835 0.05710232941970272
836 0.057084079362330724
837 0.05706586017564102
838 0.05704767179798806
839 0.057029514167855094
840 0.057011387223854244
841 0.05699329090472581
842 0.05697522514933797
843 0.056957189896686994
844 0.05693918508589625
845 0.05692121065621637
846 0.05690326654702487
847 0.05688535269782592
848 0.056867469048249575
849 0.05684961553805251
850 0.0568317921071164
851 0.05681399869544882
852 0.056796235243182065
853 0.05677850169057383
854 0.05676079797800576
855 0.05674312404598417
856 0.056725479835139106
857 0.05670786528622452
858 0.056690280340117596
859 0.056672724937818934
860 0.05665519902045158
861 0.056637702529261716
862 0.05662023540561729
863 0.05660279759100869
864 0.05658538902704783
865 0.0565680096554682
866 0.05655065941812465
867 0.056533338256992624
868 0.05651604611416863
869 0.05649878293186925
870 0.05648154865243149
871 0.05646434321831193
872 0.05644716657208695
873 0.05643001865645224
874 0.056412899414222444
875 0.056395808788331205
876 0.0563787467218305
877 0.056361713157890556
878 0.05634470803979983
879 0.05632773131096448
880 0.05631078291490809
881 0.05629386279527119
882 0.05627697089581183
883 0.056260107160404464
884 0.05624327153303993
885 0.05622646395782537
886 0.05620968437898386
887 0.05619293274085406
888 0.05617620898789035
889 0.056159513064661895
890 0.05614284491585301
891 0.05612620448626269
892 0.05610959172080425
893 0.05609300656450515
894 0.056076448962506936
895 0.056059918860064596
896 0.0560434162025467
897 0.05602694093543486
898 0.05601049300432384
899 0.055994072354920724
900 0.05597767893304536
901 0.05596131268462958
902 0.05594497355571714
903 0.055928661492463644
904 0.055912376441136
905 0.055896118348112485
906 0.055879887159882145
907 0.055863682823044845
908 0.05584750528431105
909 0.05583135449050125
910 0.05581523038854603
911 0.055799132925485904
912 0.05578306204847063
913 0.0557670177047594
914 0.055750999841720404
915 0.05573500840683092
916 0.055719043347676425
917 0.05570310461195092
918 0.05568719214745659
919 0.055671305902103334
920 0.055655445823908786
921 0.055639611860998084
922 0.055623803961603456
923 0.05560802207406402
924 0.05559226614682572
925 0.05557653612844097
926 0.05556083196756839
927 0.05554515361297279
928 0.05552950101352451
929 0.05551387411819984
930 0.05549827287608007
931 0.055482697236351845
932 0.05546714714830668
933 0.055451622561340654
934 0.055436123424954346
935 0.05542064968875263
936 0.05540520130244431
937 0.055389778215842
938 0.05537438037886195
939 0.05535900774152353
940 0.0553436602539495
941 0.05532833786636537
942 0.055313040529099265
943 0.05529776819258188
944 0.05528252080734615
945 0.055267298324026916
946 0.055252100693361034
947 0.05523692786618663
948 0.05522177979344359
949 0.05520665642617253
950 0.05519155771551525
951 0.05517648361271451
952 0.05516143406911289
953 0.055146409036154025
954 0.05513140846538102
955 0.05511643230843726
956 0.055101480517065586
957 0.055086553043108374
958 0.055071649838507125
959 0.055056770855302556
960 0.055041916045633826
961 0.05502708536173918
962 0.05501227875595492
963 0.054997496180715554
964 0.05498273758855373
965 0.05496800293209967
966 0.05495329216408129
967 0.054938605237323856
968 0.054923942104749726
969 0.0549093027193782
970 0.054894687034325325
971 0.05488009500280369
972 0.054865526578122104
973 0.05485098171368575
974 0.05483646036299552
975 0.05482196247964812
976 0.05480748801733574
977 0.05479303692984582
978 0.054778609171060866
979 0.054764204694958574
980 0.05474982345561119
981 0.05473546540718535
982 0.05472113050394198
983 0.05470681870023649
984 0.05469252995051783
985 0.054678264209328774
986 0.0546640214313057
987 0.054649801571178186
988 0.054635604583768926
989 0.0546214304239937
990 0.05460727904686093
991 0.054593150407471314
992 0.05457904446101843
993 0.05456496116278761
994 0.05455090046815627
995 0.05453686233259344
996 0.05452284671165991
997 0.05450885356100782
998 0.05449488283638032
999 0.054480934493611737
