0 3.0855838376374494
1 1.7549528748632977
2 1.2336067091995924
3 0.9143577345402686
4 0.7486317110332574
5 0.6521002785391595
6 0.5966717091456929
7 0.5624823270034887
8 0.5399947811038927
9 0.5237279336622558
10 0.5108192275337893
11 0.4997213911137167
12 0.48962271639621274
13 0.48010016051793747
14 0.4709383449517167
15 0.4620307171329439
16 0.4533267376875334
17 0.4448039499932087
18 0.4364533284544157
19 0.428271804142716
20 0.42025854590634015
21 0.4124132150523749
22 0.4047352177148011
23 0.3972234504865848
24 0.389876273475749
25 0.38269157777369567
26 0.37566688196646775
27 0.3687994281328976
28 0.36208626547488426
29 0.3555243183764697
30 0.34911043951300263
31 0.3428414501060814
32 0.3367141697510128
33 0.3307254380823939
34 0.32487213020116756
35 0.31915116741407235
36 0.3135595244966757
37 0.30809423440600886
38 0.30275239114029995
39 0.2975311512653258
40 0.2924277344910137
41 0.2874394235795616
42 0.2825635637899442
43 0.27779756200717265
44 0.27313888566305394
45 0.2685850615247675
46 0.26413367440537483
47 0.25978236583429487
48 0.255528832714148
49 0.25137082598201943
50 0.2473061492872197
51 0.24333265769338225
52 0.2394482564097477
53 0.23565089955439433
54 0.23193858895074582
55 0.22830937295770548
56 0.22476134533312866
57 0.221292644129923
58 0.2179014506238251
59 0.21458598827176528
60 0.21134452169964738
61 0.20817535571840096
62 0.20507683436713703
63 0.20204733998231902
64 0.19908529229188698
65 0.19618914753334907
66 0.19335739759490475
67 0.19058856917872408
68 0.1878812229855734
69 0.18523395292001824
70 0.18264538531549132
71 0.18011417817856515
72 0.17763902045179206
73 0.17521863129453405
74 0.17285175938122413
75 0.17053718221653824
76 0.16827370546698492
77 0.1660601623084437
78 0.1638954127892044
79 0.1617783432080917
80 0.1597078655072562
81 0.1576829166792619
82 0.15570245818807996
83 0.15376547540364727
84 0.15187097704963687
85 0.1500179946641123
86 0.14820558207274695
87 0.14643281487429616
88 0.14469878993802873
89 0.14300262491282
90 0.1413434577476352
91 0.13972044622312235
92 0.1381327674940541
93 0.13657961764236143
94 0.13506021124050466
95 0.1335737809249455
96 0.13211957697947427
97 0.13069686692816943
98 0.1293049351377584
99 0.12794308242916416
100 0.1266106256980205
101 0.12530689754395097
102 0.12403124590840492
103 0.12278303372085307
104 0.12156163855315001
105 0.12036645228187347
106 0.11919688075845465
107 0.11805234348692228
108 0.11693227330908265
109 0.11583611609696251
110 0.11476333045235156
111 0.11371338741327361
112 0.11268577016723452
113 0.11167997377108466
114 0.11069550487734454
115 0.10973188146684743
116 0.10878863258754852
117 0.10786529809936236
118 0.10696142842488834
119 0.10607658430588636
120 0.10521033656537414
121 0.10436226587521237
122 0.10353196252905424
123 0.10271902622053332
124 0.10192306582657223
125 0.10114369919568858
126 0.10038055294118911
127 0.09963326223913517
128 0.09890147063097057
129 0.09818482983070492
130 0.09748299953654638
131 0.09679564724688197
132 0.0961224480805053
133 0.09546308460099144
134 0.09481724664512775
135 0.09418463115530251
136 0.09356494201576208
137 0.0929578898926484
138 0.09236319207772624
139 0.0917805723357207
140 0.09120976075517365
141 0.0906504936027461
142 0.09010251318088179
143 0.08956556768875555
144 0.0890394110864317
145 0.08852380296215741
146 0.08801850840271873
147 0.08752329786678882
148 0.08703794706119965
149 0.08656223682006906
150 0.08609595298671671
151 0.08563888629830699
152 0.08519083227315223
153 0.08475159110061928
154 0.08432096753357377
155 0.08389877078330978
156 0.0834848144169023
157 0.08307891625692872
158 0.08268089828350578
159 0.08229058653858566
160 0.08190781103246193
161 0.08153240565243172
162 0.08116420807356732
163 0.0808030596715448
164 0.08044880543748614
165 0.0801012938947647
166 0.07976037701773177
167 0.07942591015231727
168 0.0790977519384638
169 0.07877576423434869
170 0.07845981204235601
171 0.07814976343675628
172 0.07784548949305382
173 0.07754686421896556
174 0.07725376448699113
175 0.0769660699685389
176 0.07668366306957214
177 0.07640642886773938
178 0.07613425505095506
179 0.07586703185739753
180 0.07560465201689022
181 0.07534701069363607
182 0.07509400543027211
183 0.07484553609321455
184 0.07460150481926514
185 0.074361815963448
186 0.07412637604805061
187 0.07389509371283898
188 0.07366787966642217
189 0.07344464663873738
190 0.07322530933463144
191 0.07300978438851229
192 0.07279799032004686
193 0.07258984749087981
194 0.07238527806235029
195 0.07218420595418407
196 0.07198655680413821
197 0.0717922579285753
198 0.07160123828394722
199 0.07141342842916718
200 0.07122876048884873
201 0.07104716811739223
202 0.0708685864638989
203 0.07069295213789514
204 0.07052020317584431
205 0.07035027900843291
206 0.07018312042860929
207 0.0700186695603589
208 0.06985686982820065
209 0.06969766592738423
210 0.06954100379477542
211 0.06938683058041191
212 0.06923509461971522
213 0.0690857454063414
214 0.06893873356565895
215 0.06879401082883653
216 0.06865153000752819
217 0.0685112449691418
218 0.06837311061267698
219 0.0682370828451196
220 0.06810311855838028
221 0.06797117560676354
222 0.06784121278495632
223 0.0677131898065236
224 0.06758706728289804
225 0.06746280670285541
226 0.06734037041246028
227 0.06721972159547611
228 0.06710082425422342
229 0.06698364319088135
230 0.0668681439892182
231 0.06675429299674222
232 0.06664205730726494
233 0.06653140474386399
234 0.06642230384223906
235 0.06631472383445072
236 0.0662086346330331
237 0.06610400681547335
238 0.06600081160904604
239 0.06589902087599896
240 0.06579860709907781
241 0.06569954336738518
242 0.0656018033625639
243 0.06550536134529888
244 0.06541019214212934
245 0.06531627113256337
246 0.06522357423649064
247 0.06513207790188266
248 0.06504175909277726
249 0.06495259527753836
250 0.06486456441738661
251 0.06477764495519277
252 0.06469181580452907
253 0.06460705633897242
254 0.06452334638165312
255 0.0644406661950441
256 0.06435899647098446
257 0.06427831832093253
258 0.06419861326644233
259 0.06411986322985971
260 0.06404205052523163
261 0.06396515784942385
262 0.06388916827344361
263 0.06381406523396092
264 0.0637398325250246
265 0.06366645428996874
266 0.06359391501350456
267 0.06352219951399463
268 0.06345129293590336
269 0.06338118074242145
270 0.06331184870825964
271 0.06324328291260758
272 0.06317546973225394
273 0.06310839583486495
274 0.06304204817241706
275 0.06297641397477999
276 0.06291148074344662
277 0.06284723624540754
278 0.06278366850716537
279 0.0627207658088864
280 0.06265851667868666
281 0.0625969098870485
282 0.06253593444136532
283 0.062475579580611444
284 0.0624158347701337
285 0.06235668969656316
286 0.062298134262842086
287 0.06224015858336638
288 0.06218275297923783
289 0.06212590797362601
290 0.06206961428723589
291 0.062013862833879566
292 0.061958644716148786
293 0.061903951221187206
294 0.061849773816558505
295 0.06179610414621025
296 0.061742934026528695
297 0.06169025544248482
298 0.0616380605438681
299 0.06158634164160629
300 0.061535091204169654
301 0.061484301854057344
302 0.06143396636436327
303 0.06138407765542183
304 0.06133462879152921
305 0.06128561297773989
306 0.06123702355673609
307 0.061188854005769414
308 0.06114109793367123
309 0.061093749077932184
310 0.06104680130184801
311 0.0610002485917303
312 0.060954085054181165
313 0.06090830491342997
314 0.060862902508730415
315 0.06081787229181802
316 0.060773208824424226
317 0.0607289067758481
318 0.06068496092058264
319 0.060641366135996154
320 0.0605981174000652
321 0.060555209789160055
322 0.060512638475880384
323 0.060470398726939795
324 0.060428485901098866
325 0.06038689544714556
326 0.06034562290192042
327 0.06030466388838794
328 0.06026401411375097
329 0.06022366936760817
330 0.06018362552015336
331 0.06014387852041609
332 0.06010442439454139
333 0.060065259244109166
334 0.06002637924449179
335 0.05998778064324855
336 0.059949459758556554
337 0.0599114129776778
338 0.059873636755460403
339 0.059836127612873664
340 0.05979888213557683
341 0.05976189697252045
342 0.05972516883457829
343 0.05968869449321154
344 0.0596524707791621
345 0.059616494581176536
346 0.05958076284475769
347 0.059545272570945725
348 0.059510020815125866
349 0.05947500468586316
350 0.05944022134376407
351 0.05940566800036319
352 0.05937134191703537
353 0.059337240403932394
354 0.05930336081894327
355 0.05926970056667881
356 0.05923625709747815
357 0.05920302790643777
358 0.059170010532463534
359 0.059137202557342054
360 0.05910460160483482
361 0.059072205339791746
362 0.059040011467284714
363 0.05900801773176094
364 0.058976221916214856
365 0.05894462184137904
366 0.058913215364933
367 0.05888200038072992
368 0.058850974818040504
369 0.05882013664081406
370 0.05878948384695572
371 0.05875901446762053
372 0.05872872656652253
373 0.05869861823925953
374 0.058668687612653585
375 0.0586389328441055
376 0.058609352120963736
377 0.05857994365990802
378 0.058550705706346
379 0.058521636533824195
380 0.05849273444345081
381 0.05846399776333276
382 0.058435424848024345
383 0.058407014077988526
384 0.05837876385907009
385 0.05835067262198074
386 0.05832273882179503
387 0.05829496093745818
388 0.05826733747130443
389 0.05823986694858616
390 0.058212547917013496
391 0.05818537894630374
392 0.05815835862774154
393 0.05813148557374791
394 0.058104758417459185
395 0.058078175812315745
396 0.05805173643165873
397 0.0580254389683366
398 0.05799928213431959
399 0.057973264660323764
400 0.0579473852954419
401 0.05792164280678389
402 0.05789603597912382
403 0.05787056361455546
404 0.05784522453215564
405 0.05782001756765408
406 0.057794941573111026
407 0.057769995416601945
408 0.05774517798190905
409 0.057720488168219494
410 0.057695924889829844
411 0.05767148707585784
412 0.05764717366995976
413 0.05762298363005368
414 0.05759891592804994
415 0.05757496954958604
416 0.05755114349376799
417 0.05752743677291792
418 0.05750384841232543
419 0.057480377450006045
420 0.05745702293646401
421 0.05743378393446026
422 0.057410659518785795
423 0.057387648776039496
424 0.05736475080441068
425 0.057341964713466996
426 0.057319289623946244
427 0.057296724667552396
428 0.05727426898675727
429 0.05725192173460505
430 0.0572296820745215
431 0.05720754918012776
432 0.057185522235057205
433 0.05716360043277673
434 0.057141782976411946
435 0.057120069078575905
436 0.05709845796120135
437 0.057076948855376425
438 0.05705554100118467
439 0.05703423364754703
440 0.05701302605206872
441 0.05699191748088801
442 0.05697090720852898
443 0.056949994517757285
444 0.05692917869943851
445 0.056908459052399864
446 0.05688783488329501
447 0.05686730550647081
448 0.05684687024383811
449 0.056826528424744054
450 0.05680627938584779
451 0.056786122470998505
452 0.05676605703111606
453 0.056746082424073765
454 0.05672619801458414
455 0.056706403174086796
456 0.05668669728063839
457 0.056667079718805066
458 0.05664754987955719
459 0.05662810716016598
460 0.05660875096410258
461 0.05658948070093883
462 0.05657029578625047
463 0.056551195641521716
464 0.05653217969405251
465 0.05651324737686723
466 0.056494398128625126
467 0.05647563139353288
468 0.056456946621258844
469 0.05643834326684862
470 0.05641982079064325
471 0.056401378658197804
472 0.05638301634020279
473 0.05636473331240631
474 0.05634652905553805
475 0.056328403055235
476 0.05631035480196803
477 0.05629238379097079
478 0.05627448952216921
479 0.05625667150011271
480 0.05623892923390702
481 0.05622126223714775
482 0.056203670027855944
483 0.05618615212841401
484 0.05616870806550375
485 0.05615133737004548
486 0.05613403957713742
487 0.056116814225997576
488 0.056099660859905594
489 0.056082579026146634
490 0.056065568275955824
491 0.05604862816446354
492 0.05603175825064257
493 0.05601495809725526
494 0.055998227270802656
495 0.055981565341473874
496 0.055964971883096494
497 0.05594844647308836
498 0.055931988692410055
499 0.055915598125517905
500 0.055899274360318225
501 0.05588301698812249
502 0.055866825603603135
503 0.055850699804750194
504 0.05583463919282847
505 0.05581864337233668
506 0.0558027119509653
507 0.05578684453955729
508 0.055771040752068096
509 0.05575530020552662
510 0.055739622519998054
511 0.055724007318545446
512 0.05570845422719372
513 0.055692962874892976
514 0.05567753289348355
515 0.05566216391766099
516 0.05564685558494207
517 0.05563160753563069
518 0.05561641941278559
519 0.05560129086218732
520 0.055586221532306704
521 0.05557121107427356
522 0.05555625914184581
523 0.05554136539137932
524 0.055526529481798086
525 0.05551175107456528
526 0.05549702983365438
527 0.05548236542552076
528 0.05546775751907452
529 0.055453205785652486
530 0.05543870989899223
531 0.05542426953520497
532 0.05540988437275
533 0.05539555409240919
534 0.055381278377261915
535 0.05536705691266021
536 0.05535288938620478
537 0.05533877548772108
538 0.055324714909235705
539 0.05531070734495336
540 0.055296752491234294
541 0.05528285004657171
542 0.05526899971156992
543 0.05525520118892276
544 0.055241454183391894
545 0.055227758401786606
546 0.05521411355294222
547 0.05520051934770053
548 0.05518697549888948
549 0.055173481721303444
550 0.055160037731683924
551 0.055146643248700576
552 0.05513329799293219
553 0.055120001686848094
554 0.05510675405479043
555 0.05509355482295576
556 0.05508040371937701
557 0.055067300473907184
558 0.05505424481820101
559 0.0550412364856988
560 0.05502827521160936
561 0.055015360732893766
562 0.05500249278824903
563 0.05498967111809235
564 0.0549768954645454
565 0.054964165571418276
566 0.054951481184195024
567 0.05493884205001809
568 0.05492624791767354
569 0.054913698537576675
570 0.054901193661757074
571 0.05488873304384474
572 0.05487631643905629
573 0.05486394360418042
574 0.05485161429756493
575 0.054839328279102775
576 0.054827085310219015
577 0.054814885153857566
578 0.054802727574468746
579 0.05479061233799546
580 0.054778539211861856
581 0.05476650796495991
582 0.05475451836763764
583 0.054742570191687046
584 0.05473066321033184
585 0.054718797198215915
586 0.05470697193139165
587 0.0546951871873084
588 0.05468344274480097
589 0.054671738384078516
590 0.05466007388671382
591 0.054648449035631805
592 0.05463686361509901
593 0.05462531741071309
594 0.05461381020939189
595 0.05460234179936322
596 0.0545909119701549
597 0.05457952051258409
598 0.054568167218747354
599 0.054556851882011245
600 0.05454557429700194
601 0.05453433425959566
602 0.05452313156690933
603 0.05451196601729108
604 0.05450083741031051
605 0.05448974554675017
606 0.05447869022859554
607 0.054467671259027
608 0.05445668844240982
609 0.054445741584286375
610 0.05443483049136656
611 0.05442395497151971
612 0.05441311483376599
613 0.05440230988826762
614 0.0543915399463208
615 0.054380804820347475
616 0.05437010432388714
617 0.05435943827158853
618 0.054348806479201955
619 0.05433820876357117
620 0.05432764494262572
621 0.054317114835373
622 0.054306618261890656
623 0.054296155043319194
624 0.05428572500185409
625 0.05427532796073882
626 0.0542649637442571
627 0.05425463217772581
628 0.05424433308748791
629 0.054234066300904965
630 0.05422383164635042
631 0.05421362895320231
632 0.05420345805183675
633 0.054193318773620616
634 0.054183210950905045
635 0.054173134417018744
636 0.054163089006261066
637 0.05415307455389578
638 0.054143090896144275
639 0.05413313787017909
640 0.054123215314117706
641 0.05411332306701613
642 0.05410346096886245
643 0.054093628860570994
644 0.05408382658397551
645 0.054074053981823786
646 0.05406431089777109
647 0.054054597176374446
648 0.05404491266308656
649 0.054035257204249926
650 0.054025630647091025
651 0.05401603283971463
652 0.05400646363109783
653 0.05399692287108458
654 0.053987410410379875
655 0.0539779261005446
656 0.0539684697939892
657 0.05395904134396912
658 0.05394964060457859
659 0.053940267430745745
660 0.053930921678226856
661 0.05392160320360165
662 0.05391231186426723
663 0.053903047518433736
664 0.053893810025118415
665 0.05388459924414081
666 0.05387541503611808
667 0.053866257262459194
668 0.05385712578536035
669 0.053848020467800344
670 0.053838941173534854
671 0.05382988776709233
672 0.053820860113768604
673 0.053811858079622424
674 0.053802881531470816
675 0.0537939303368837
676 0.05378500436418004
677 0.05377610348242265
678 0.053767227561413715
679 0.053758376471690336
680 0.053749550084519926
681 0.05374074827189566
682 0.053731970906531985
683 0.05372321786186027
684 0.053714489012024504
685 0.053705784231876795
686 0.053697103396972826
687 0.05368844638356799
688 0.053679813068613025
689 0.053671203329749485
690 0.053662617045305804
691 0.05365405409429302
692 0.05364551435640085
693 0.053636997711993276
694 0.053628504042104515
695 0.05362003322843533
696 0.05361158515334866
697 0.05360315969986549
698 0.05359475675166138
699 0.053586376193062266
700 0.053578017909040446
701 0.053569681785211015
702 0.05356136770782773
703 0.05355307556377933
704 0.05354480524058565
705 0.05353655662639414
706 0.053528329609975764
707 0.05352012408072157
708 0.05351193992863874
709 0.053503777044347216
710 0.05349563531907591
711 0.05348751464465929
712 0.05347941491353323
713 0.05347133601873227
714 0.05346327785388549
715 0.0534552403132133
716 0.05344722329152365
717 0.05343922668420927
718 0.053431250387243105
719 0.05342329429717594
720 0.0534153583111326
721 0.053407442326808566
722 0.05339954624246656
723 0.05339166995693353
724 0.053383813369597
725 0.05337597638040218
726 0.053368158889848215
727 0.05336036079898552
728 0.05335258200941207
729 0.05334482242327057
730 0.05333708194324523
731 0.05332936047255814
732 0.05332165791496708
733 0.05331397417476159
734 0.05330630915676024
735 0.053298662766307535
736 0.05329103490927081
737 0.05328342549203733
738 0.053275834421511174
739 0.0532682616051102
740 0.0532607069507633
741 0.05325317036690727
742 0.05324565176248389
743 0.053238151046937125
744 0.053230668130210136
745 0.05322320292274256
746 0.05321575533546746
747 0.053208325279808566
748 0.05320091266767756
749 0.05319351741147104
750 0.053186139424068184
751 0.05317877861882743
752 0.05317143490958415
753 0.05316410821064778
754 0.05315679843679912
755 0.05314950550328748
756 0.05314222932582846
757 0.053134969820600654
758 0.053127726904243625
759 0.053120500493854854
760 0.05311329050698742
761 0.05310609686164705
762 0.05309891947629013
763 0.05309175826982009
764 0.05308461316158657
765 0.0530774840713809
766 0.053070370919435145
767 0.05306327362641868
768 0.05305619211343638
769 0.05304912630202559
770 0.053042076114153874
771 0.05303504147221681
772 0.05302802229903527
773 0.05302101851785306
774 0.05301403005233463
775 0.053007056826562725
776 0.053000098765035815
777 0.05299315579266589
778 0.0529862278347764
779 0.05297931481709902
780 0.05297241666577267
781 0.05296553330734015
782 0.052958664668746325
783 0.05295181067733575
784 0.05294497126085044
785 0.05293814634742771
786 0.05293133586559772
787 0.05292453974428174
788 0.05291775791278924
789 0.05291099030081637
790 0.05290423683844343
791 0.052897497456132835
792 0.052890772084727075
793 0.052884060655446055
794 0.052877363099885805
795 0.05287067935001568
796 0.05286400933817667
797 0.05285735299707911
798 0.052850710259800565
799 0.05284408105978414
800 0.05283746533083582
801 0.0528308630071232
802 0.05282427402317277
803 0.05281769831386822
804 0.052811135814448636
805 0.05280458646050606
806 0.052798050187983746
807 0.05279152693317454
808 0.05278501663271809
809 0.052778519223599725
810 0.05277203464314827
811 0.05276556282903389
812 0.052759103719266585
813 0.052752657252193726
814 0.05274622336649874
815 0.052739802001199286
816 0.05273339309564471
817 0.05272699658951473
818 0.052720612422817566
819 0.052714240535888066
820 0.052707880869385756
821 0.05270153336429324
822 0.05269519796191406
823 0.05268887460387139
824 0.05268256323210595
825 0.05267626378887423
826 0.052669976216746794
827 0.052663700458606695
828 0.0526574364576474
829 0.052651184157371494
830 0.05264494350158851
831 0.05263871443441341
832 0.05263249690026521
833 0.05262629084386472
834 0.0526200962102333
835 0.052613912944691046
836 0.05260774099285494
837 0.05260158030063773
838 0.05259543081424563
839 0.052589292480177206
840 0.05258316524522165
841 0.052577049056456666
842 0.05257094386124795
843 0.0525648496072465
844 0.05255876624238738
845 0.05255269371488858
846 0.052546631973248964
847 0.05254058096624678
848 0.05253454064293841
849 0.05252851095265635
850 0.05252249184500825
851 0.052516483269874945
852 0.05251048517740895
853 0.05250449751803331
854 0.05249852024243988
855 0.052492553301587794
856 0.05248659664670206
857 0.05248065022927197
858 0.05247471400105006
859 0.05246878791405009
860 0.052462871920545974
861 0.052456965973070036
862 0.05245107002441198
863 0.052445184027617255
864 0.05243930793598559
865 0.05243344170306968
866 0.05242758528267363
867 0.052421738628851994
868 0.052415901695907846
869 0.052410074438391796
870 0.05240425681110034
871 0.05239844876907488
872 0.05239265026759994
873 0.05238686126220222
874 0.05238108170864904
875 0.05237531156294676
876 0.052369550781340236
877 0.05236379932031073
878 0.05235805713657496
879 0.052352324187083764
880 0.0523466004290207
881 0.05234088581980103
882 0.052335180317070046
883 0.0523294838787024
884 0.05232379646280006
885 0.052318118027691644
886 0.05231244853193093
887 0.052306787934295905
888 0.05230113619378702
889 0.05229549326962658
890 0.052289859121256776
891 0.052284233708339255
892 0.052278616990753465
893 0.052273008928595405
894 0.05226740948217683
895 0.052261818612023656
896 0.05225623627887487
897 0.05225066244368163
898 0.05224509706760571
899 0.052239540112018715
900 0.052233991538500626
901 0.052228451308838644
902 0.052222919385026614
903 0.052217395729262865
904 0.052211880303950124
905 0.05220637307169369
906 0.05220087399530104
907 0.0521953830377796
908 0.052189900162336614
909 0.05218442533237777
910 0.052178958511506106
911 0.052173499663520764
912 0.05216804875241623
913 0.05216260574238085
914 0.052157170597796225
915 0.05215174328323569
916 0.05214632376346365
917 0.05214091200343448
918 0.052135507968290924
919 0.05213011162336412
920 0.05212472293417153
921 0.052119341866416466
922 0.052113968385987024
923 0.05210860245895492
924 0.052103244051574626
925 0.052097893130282215
926 0.052092549661694576
927 0.05208721361260821
928 0.052081884949998276
929 0.05207656364101793
930 0.05207124965299675
931 0.0520659429534404
932 0.05206064351002928
933 0.05205535129061764
934 0.052050066263232476
935 0.05204478839607325
936 0.05203951765750982
937 0.05203425401608277
938 0.05202899744050132
939 0.052023747899643306
940 0.05201850536255349
941 0.052013269798443604
942 0.052008041176690334
943 0.0520028194668352
944 0.0519976046385833
945 0.05199239666180261
946 0.05198719550652291
947 0.051982001142935046
948 0.05197681354138997
949 0.05197163267239796
950 0.05196645850662744
951 0.05196129101490474
952 0.051956130168212336
953 0.05195097593768883
954 0.05194582829462783
955 0.05194068721047675
956 0.05193555265683642
957 0.05193042460545999
958 0.051925303028252386
959 0.05192018789726897
960 0.051915079184715364
961 0.051909976862945954
962 0.05190488090446371
963 0.05189979128191886
964 0.05189470796810845
965 0.051889630935975185
966 0.05188456015860708
967 0.0518794956092363
968 0.05187443726123849
969 0.051869385088132026
970 0.0518643390635772
971 0.05185929916137538
972 0.051854265355468554
973 0.05184923761993782
974 0.0518442159290037
975 0.05183920025702442
976 0.0518341905784956
977 0.05182918686804955
978 0.05182418910045429
979 0.051819197250613035
980 0.05181421129356328
981 0.05180923120447607
982 0.05180425695865546
983 0.05179928853153771
984 0.05179432589869023
985 0.05178936903581155
986 0.051784417918729966
987 0.051779472523402995
988 0.05177453282591693
989 0.051769598802485876
990 0.05176467042945116
991 0.05175974768328045
992 0.051754830540567495
993 0.05174991897803087
994 0.05174501297251384
995 0.05174011250098321
996 0.05173521754052898
997 0.051730328068363446
998 0.05172544406182084
999 0.05172056549835618
