0 187.8336590066654
1 112.25999466046858
2 91.06440573186946
3 86.24876025453102
4 84.89226276747236
5 84.5845891686123
6 84.49755490408113
7 84.47784212374988
8 84.47224310104629
9 84.47097634093912
10 84.47061515215775
11 84.47053349543695
12 84.47051012853247
13 84.47050484776948
14 84.4705033315837
15 84.47050298892862
16 84.47050289025046
17 84.47050286793966
18 84.47050286149744
19 84.47050286003967
20 84.47050285961787
21 84.47050285952217
22 84.47050285949453
23 84.47050285948825
24 84.47050285948647
25 84.47050285948605
26 84.4705028594859
27 84.4705028594858
28 84.47050285948573
29 84.47050285948582
30 84.47050285948589
31 84.47050285948593
32 84.47050285948593
33 84.47050285948578
34 84.47050285948576
35 84.4705028594859
36 84.4705028594859
37 84.47050285948588
38 84.47050285948578
39 84.47050285948576
40 84.47050285948578
41 84.47050285948583
42 84.4705028594858
43 84.47050285948583
44 84.47050285948586
45 84.47050285948586
46 84.47050285948582
47 84.47050285948583
48 84.47050285948583
49 84.47050285948575
50 84.47050285948576
51 84.47050285948575
52 84.47050285948573
53 84.47050285948573
54 84.47050285948573
55 84.47050285948573
56 84.47050285948573
57 84.47050285948573
58 84.47050285948573
59 84.47050285948573
60 84.47050285948573
61 84.47050285948573
62 84.47050285948573
63 84.47050285948573
64 84.47050285948573
65 84.47050285948573
66 84.47050285948573
67 84.47050285948573
68 84.47050285948573
69 84.47050285948573
70 84.47050285948573
71 84.47050285948573
72 84.47050285948573
73 84.47050285948573
74 84.47050285948573
75 84.47050285948573
76 84.47050285948573
77 84.47050285948573
78 84.47050285948573
79 84.47050285948573
80 84.47050285948573
81 84.47050285948573
82 84.47050285948573
83 84.47050285948573
84 84.47050285948573
85 84.47050285948573
86 84.47050285948573
87 84.47050285948573
88 84.47050285948573
89 84.47050285948573
90 84.47050285948573
91 84.47050285948573
92 84.47050285948573
93 84.47050285948573
94 84.47050285948573
95 84.47050285948573
96 84.47050285948573
97 84.47050285948573
98 84.47050285948573
99 84.47050285948573
100 84.47050285948573
101 84.47050285948573
102 84.47050285948573
103 84.47050285948573
104 84.47050285948573
105 84.47050285948573
106 84.47050285948573
107 84.47050285948573
108 84.47050285948573
109 84.47050285948573
110 84.47050285948573
111 84.47050285948573
112 84.47050285948573
113 84.47050285948573
114 84.47050285948573
115 84.47050285948573
116 84.47050285948573
117 84.47050285948573
118 84.47050285948573
119 84.47050285948573
120 84.47050285948573
121 84.47050285948573
122 84.47050285948573
123 84.47050285948573
124 84.47050285948573
125 84.47050285948573
126 84.47050285948573
127 84.47050285948573
128 84.47050285948573
129 84.47050285948573
130 84.47050285948573
131 84.47050285948573
132 84.47050285948573
133 84.47050285948573
134 84.47050285948573
135 84.47050285948573
136 84.47050285948573
137 84.47050285948573
138 84.47050285948573
139 84.47050285948573
140 84.47050285948573
141 84.47050285948573
142 84.47050285948573
143 84.47050285948573
144 84.47050285948573
145 84.47050285948573
146 84.47050285948573
147 84.47050285948573
148 84.47050285948573
149 84.47050285948573
150 84.47050285948573
151 84.47050285948573
152 84.47050285948573
153 84.47050285948573
154 84.47050285948573
155 84.47050285948573
156 84.47050285948573
157 84.47050285948573
158 84.47050285948573
159 84.47050285948573
160 84.47050285948573
161 84.47050285948573
162 84.47050285948573
163 84.47050285948573
164 84.47050285948573
165 84.47050285948573
166 84.47050285948573
167 84.47050285948573
168 84.47050285948573
169 84.47050285948573
170 84.47050285948573
171 84.47050285948573
172 84.47050285948573
173 84.47050285948573
174 84.47050285948573
175 84.47050285948573
176 84.47050285948573
177 84.47050285948573
178 84.47050285948573
179 84.47050285948573
180 84.47050285948573
181 84.47050285948573
182 84.47050285948573
183 84.47050285948573
184 84.47050285948573
185 84.47050285948573
186 84.47050285948573
187 84.47050285948573
188 84.47050285948573
189 84.47050285948573
190 84.47050285948573
191 84.47050285948573
192 84.47050285948573
193 84.47050285948573
194 84.47050285948573
195 84.47050285948573
196 84.47050285948573
197 84.47050285948573
198 84.47050285948573
199 84.47050285948573
200 84.47050285948573
201 84.47050285948573
202 84.47050285948573
203 84.47050285948573
204 84.47050285948573
205 84.47050285948573
206 84.47050285948573
207 84.47050285948573
208 84.47050285948573
209 84.47050285948573
210 84.47050285948573
211 84.47050285948573
212 84.47050285948573
213 84.47050285948573
214 84.47050285948573
215 84.47050285948573
216 84.47050285948573
217 84.47050285948573
218 84.47050285948573
219 84.47050285948573
220 84.47050285948573
221 84.47050285948573
222 84.47050285948573
223 84.47050285948573
224 84.47050285948573
225 84.47050285948573
226 84.47050285948573
227 84.47050285948573
228 84.47050285948573
229 84.47050285948573
230 84.47050285948573
231 84.47050285948573
232 84.47050285948573
233 84.47050285948573
234 84.47050285948573
235 84.47050285948573
236 84.47050285948573
237 84.47050285948573
238 84.47050285948573
239 84.47050285948573
240 84.47050285948573
241 84.47050285948573
242 84.47050285948573
243 84.47050285948573
244 84.47050285948573
245 84.47050285948573
246 84.47050285948573
247 84.47050285948573
248 84.47050285948573
249 84.47050285948573
250 84.47050285948573
251 84.47050285948573
252 84.47050285948573
253 84.47050285948573
254 84.47050285948573
255 84.47050285948573
256 84.47050285948573
257 84.47050285948573
258 84.47050285948573
259 84.47050285948573
260 84.47050285948573
261 84.47050285948573
262 84.47050285948573
263 84.47050285948573
264 84.47050285948573
265 84.47050285948573
266 84.47050285948573
267 84.47050285948573
268 84.47050285948573
269 84.47050285948573
270 84.47050285948573
271 84.47050285948573
272 84.47050285948573
273 84.47050285948573
274 84.47050285948573
275 84.47050285948573
276 84.47050285948573
277 84.47050285948573
278 84.47050285948573
279 84.47050285948573
280 84.47050285948573
281 84.47050285948573
282 84.47050285948573
283 84.47050285948573
284 84.47050285948573
285 84.47050285948573
286 84.47050285948573
287 84.47050285948573
288 84.47050285948573
289 84.47050285948573
290 84.47050285948573
291 84.47050285948573
292 84.47050285948573
293 84.47050285948573
294 84.47050285948573
295 84.47050285948573
296 84.47050285948573
297 84.47050285948573
298 84.47050285948573
299 84.47050285948573
300 84.47050285948573
301 84.47050285948573
302 84.47050285948573
303 84.47050285948573
304 84.47050285948573
305 84.47050285948573
306 84.47050285948573
307 84.47050285948573
308 84.47050285948573
309 84.47050285948573
310 84.47050285948573
311 84.47050285948573
312 84.47050285948573
313 84.47050285948573
314 84.47050285948573
315 84.47050285948573
316 84.47050285948573
317 84.47050285948573
318 84.47050285948573
319 84.47050285948573
320 84.47050285948573
321 84.47050285948573
322 84.47050285948573
323 84.47050285948573
324 84.47050285948573
325 84.47050285948573
326 84.47050285948573
327 84.47050285948573
328 84.47050285948573
329 84.47050285948573
330 84.47050285948573
331 84.47050285948573
332 84.47050285948573
333 84.47050285948573
334 84.47050285948573
335 84.47050285948573
336 84.47050285948573
337 84.47050285948573
338 84.47050285948573
339 84.47050285948573
340 84.47050285948573
341 84.47050285948573
342 84.47050285948573
343 84.47050285948573
344 84.47050285948573
345 84.47050285948573
346 84.47050285948573
347 84.47050285948573
348 84.47050285948573
349 84.47050285948573
350 84.47050285948573
351 84.47050285948573
352 84.47050285948573
353 84.47050285948573
354 84.47050285948573
355 84.47050285948573
356 84.47050285948573
357 84.47050285948573
358 84.47050285948573
359 84.47050285948573
360 84.47050285948573
361 84.47050285948573
362 84.47050285948573
363 84.47050285948573
364 84.47050285948573
365 84.47050285948573
366 84.47050285948573
367 84.47050285948573
368 84.47050285948573
369 84.47050285948573
370 84.47050285948573
371 84.47050285948573
372 84.47050285948573
373 84.47050285948573
374 84.47050285948573
375 84.47050285948573
376 84.47050285948573
377 84.47050285948573
378 84.47050285948573
379 84.47050285948573
380 84.47050285948573
381 84.47050285948573
382 84.47050285948573
383 84.47050285948573
384 84.47050285948573
385 84.47050285948573
386 84.47050285948573
387 84.47050285948573
388 84.47050285948573
389 84.47050285948573
390 84.47050285948573
391 84.47050285948573
392 84.47050285948573
393 84.47050285948573
394 84.47050285948573
395 84.47050285948573
396 84.47050285948573
397 84.47050285948573
398 84.47050285948573
399 84.47050285948573
400 84.47050285948573
401 84.47050285948573
402 84.47050285948573
403 84.47050285948573
404 84.47050285948573
405 84.47050285948573
406 84.47050285948573
407 84.47050285948573
408 84.47050285948573
409 84.47050285948573
410 84.47050285948573
411 84.47050285948573
412 84.47050285948573
413 84.47050285948573
414 84.47050285948573
415 84.47050285948573
416 84.47050285948573
417 84.47050285948573
418 84.47050285948573
419 84.47050285948573
420 84.47050285948573
421 84.47050285948573
422 84.47050285948573
423 84.47050285948573
424 84.47050285948573
425 84.47050285948573
426 84.47050285948573
427 84.47050285948573
428 84.47050285948573
429 84.47050285948573
430 84.47050285948573
431 84.47050285948573
432 84.47050285948573
433 84.47050285948573
434 84.47050285948573
435 84.47050285948573
436 84.47050285948573
437 84.47050285948573
438 84.47050285948573
439 84.47050285948573
440 84.47050285948573
441 84.47050285948573
442 84.47050285948573
443 84.47050285948573
444 84.47050285948573
445 84.47050285948573
446 84.47050285948573
447 84.47050285948573
448 84.47050285948573
449 84.47050285948573
450 84.47050285948573
451 84.47050285948573
452 84.47050285948573
453 84.47050285948573
454 84.47050285948573
455 84.47050285948573
456 84.47050285948573
457 84.47050285948573
458 84.47050285948573
459 84.47050285948573
460 84.47050285948573
461 84.47050285948573
462 84.47050285948573
463 84.47050285948573
464 84.47050285948573
465 84.47050285948573
466 84.47050285948573
467 84.47050285948573
468 84.47050285948573
469 84.47050285948573
470 84.47050285948573
471 84.47050285948573
472 84.47050285948573
473 84.47050285948573
474 84.47050285948573
475 84.47050285948573
476 84.47050285948573
477 84.47050285948573
478 84.47050285948573
479 84.47050285948573
480 84.47050285948573
481 84.47050285948573
482 84.47050285948573
483 84.47050285948573
484 84.47050285948573
485 84.47050285948573
486 84.47050285948573
487 84.47050285948573
488 84.47050285948573
489 84.47050285948573
490 84.47050285948573
491 84.47050285948573
492 84.47050285948573
493 84.47050285948573
494 84.47050285948573
495 84.47050285948573
496 84.47050285948573
497 84.47050285948573
498 84.47050285948573
499 84.47050285948573
500 84.47050285948573
501 84.47050285948573
502 84.47050285948573
503 84.47050285948573
504 84.47050285948573
505 84.47050285948573
506 84.47050285948573
507 84.47050285948573
508 84.47050285948573
509 84.47050285948573
510 84.47050285948573
511 84.47050285948573
512 84.47050285948573
513 84.47050285948573
514 84.47050285948573
515 84.47050285948573
516 84.47050285948573
517 84.47050285948573
518 84.47050285948573
519 84.47050285948573
520 84.47050285948573
521 84.47050285948573
522 84.47050285948573
523 84.47050285948573
524 84.47050285948573
525 84.47050285948573
526 84.47050285948573
527 84.47050285948573
528 84.47050285948573
529 84.47050285948573
530 84.47050285948573
531 84.47050285948573
532 84.47050285948573
533 84.47050285948573
534 84.47050285948573
535 84.47050285948573
536 84.47050285948573
537 84.47050285948573
538 84.47050285948573
539 84.47050285948573
540 84.47050285948573
541 84.47050285948573
542 84.47050285948573
543 84.47050285948573
544 84.47050285948573
545 84.47050285948573
546 84.47050285948573
547 84.47050285948573
548 84.47050285948573
549 84.47050285948573
550 84.47050285948573
551 84.47050285948573
552 84.47050285948573
553 84.47050285948573
554 84.47050285948573
555 84.47050285948573
556 84.47050285948573
557 84.47050285948573
558 84.47050285948573
559 84.47050285948573
560 84.47050285948573
561 84.47050285948573
562 84.47050285948573
563 84.47050285948573
564 84.47050285948573
565 84.47050285948573
566 84.47050285948573
567 84.47050285948573
568 84.47050285948573
569 84.47050285948573
570 84.47050285948573
571 84.47050285948573
572 84.47050285948573
573 84.47050285948573
574 84.47050285948573
575 84.47050285948573
576 84.47050285948573
577 84.47050285948573
578 84.47050285948573
579 84.47050285948573
580 84.47050285948573
581 84.47050285948573
582 84.47050285948573
583 84.47050285948573
584 84.47050285948573
585 84.47050285948573
586 84.47050285948573
587 84.47050285948573
588 84.47050285948573
589 84.47050285948573
590 84.47050285948573
591 84.47050285948573
592 84.47050285948573
593 84.47050285948573
594 84.47050285948573
595 84.47050285948573
596 84.47050285948573
597 84.47050285948573
598 84.47050285948573
599 84.47050285948573
600 84.47050285948573
601 84.47050285948573
602 84.47050285948573
603 84.47050285948573
604 84.47050285948573
605 84.47050285948573
606 84.47050285948573
607 84.47050285948573
608 84.47050285948573
609 84.47050285948573
610 84.47050285948573
611 84.47050285948573
612 84.47050285948573
613 84.47050285948573
614 84.47050285948573
615 84.47050285948573
616 84.47050285948573
617 84.47050285948573
618 84.47050285948573
619 84.47050285948573
620 84.47050285948573
621 84.47050285948573
622 84.47050285948573
623 84.47050285948573
624 84.47050285948573
625 84.47050285948573
626 84.47050285948573
627 84.47050285948573
628 84.47050285948573
629 84.47050285948573
630 84.47050285948573
631 84.47050285948573
632 84.47050285948573
633 84.47050285948573
634 84.47050285948573
635 84.47050285948573
636 84.47050285948573
637 84.47050285948573
638 84.47050285948573
639 84.47050285948573
640 84.47050285948573
641 84.47050285948573
642 84.47050285948573
643 84.47050285948573
644 84.47050285948573
645 84.47050285948573
646 84.47050285948573
647 84.47050285948573
648 84.47050285948573
649 84.47050285948573
650 84.47050285948573
651 84.47050285948573
652 84.47050285948573
653 84.47050285948573
654 84.47050285948573
655 84.47050285948573
656 84.47050285948573
657 84.47050285948573
658 84.47050285948573
659 84.47050285948573
660 84.47050285948573
661 84.47050285948573
662 84.47050285948573
663 84.47050285948573
664 84.47050285948573
665 84.47050285948573
666 84.47050285948573
667 84.47050285948573
668 84.47050285948573
669 84.47050285948573
670 84.47050285948573
671 84.47050285948573
672 84.47050285948573
673 84.47050285948573
674 84.47050285948573
675 84.47050285948573
676 84.47050285948573
677 84.47050285948573
678 84.47050285948573
679 84.47050285948573
680 84.47050285948573
681 84.47050285948573
682 84.47050285948573
683 84.47050285948573
684 84.47050285948573
685 84.47050285948573
686 84.47050285948573
687 84.47050285948573
688 84.47050285948573
689 84.47050285948573
690 84.47050285948573
691 84.47050285948573
692 84.47050285948573
693 84.47050285948573
694 84.47050285948573
695 84.47050285948573
696 84.47050285948573
697 84.47050285948573
698 84.47050285948573
699 84.47050285948573
700 84.47050285948573
701 84.47050285948573
702 84.47050285948573
703 84.47050285948573
704 84.47050285948573
705 84.47050285948573
706 84.47050285948573
707 84.47050285948573
708 84.47050285948573
709 84.47050285948573
710 84.47050285948573
711 84.47050285948573
712 84.47050285948573
713 84.47050285948573
714 84.47050285948573
715 84.47050285948573
716 84.47050285948573
717 84.47050285948573
718 84.47050285948573
719 84.47050285948573
720 84.47050285948573
721 84.47050285948573
722 84.47050285948573
723 84.47050285948573
724 84.47050285948573
725 84.47050285948573
726 84.47050285948573
727 84.47050285948573
728 84.47050285948573
729 84.47050285948573
730 84.47050285948573
731 84.47050285948573
732 84.47050285948573
733 84.47050285948573
734 84.47050285948573
735 84.47050285948573
736 84.47050285948573
737 84.47050285948573
738 84.47050285948573
739 84.47050285948573
740 84.47050285948573
741 84.47050285948573
742 84.47050285948573
743 84.47050285948573
744 84.47050285948573
745 84.47050285948573
746 84.47050285948573
747 84.47050285948573
748 84.47050285948573
749 84.47050285948573
750 84.47050285948573
751 84.47050285948573
752 84.47050285948573
753 84.47050285948573
754 84.47050285948573
755 84.47050285948573
756 84.47050285948573
757 84.47050285948573
758 84.47050285948573
759 84.47050285948573
760 84.47050285948573
761 84.47050285948573
762 84.47050285948573
763 84.47050285948573
764 84.47050285948573
765 84.47050285948573
766 84.47050285948573
767 84.47050285948573
768 84.47050285948573
769 84.47050285948573
770 84.47050285948573
771 84.47050285948573
772 84.47050285948573
773 84.47050285948573
774 84.47050285948573
775 84.47050285948573
776 84.47050285948573
777 84.47050285948573
778 84.47050285948573
779 84.47050285948573
780 84.47050285948573
781 84.47050285948573
782 84.47050285948573
783 84.47050285948573
784 84.47050285948573
785 84.47050285948573
786 84.47050285948573
787 84.47050285948573
788 84.47050285948573
789 84.47050285948573
790 84.47050285948573
791 84.47050285948573
792 84.47050285948573
793 84.47050285948573
794 84.47050285948573
795 84.47050285948573
796 84.47050285948573
797 84.47050285948573
798 84.47050285948573
799 84.47050285948573
800 84.47050285948573
801 84.47050285948573
802 84.47050285948573
803 84.47050285948573
804 84.47050285948573
805 84.47050285948573
806 84.47050285948573
807 84.47050285948573
808 84.47050285948573
809 84.47050285948573
810 84.47050285948573
811 84.47050285948573
812 84.47050285948573
813 84.47050285948573
814 84.47050285948573
815 84.47050285948573
816 84.47050285948573
817 84.47050285948573
818 84.47050285948573
819 84.47050285948573
820 84.47050285948573
821 84.47050285948573
822 84.47050285948573
823 84.47050285948573
824 84.47050285948573
825 84.47050285948573
826 84.47050285948573
827 84.47050285948573
828 84.47050285948573
829 84.47050285948573
830 84.47050285948573
831 84.47050285948573
832 84.47050285948573
833 84.47050285948573
834 84.47050285948573
835 84.47050285948573
836 84.47050285948573
837 84.47050285948573
838 84.47050285948573
839 84.47050285948573
840 84.47050285948573
841 84.47050285948573
842 84.47050285948573
843 84.47050285948573
844 84.47050285948573
845 84.47050285948573
846 84.47050285948573
847 84.47050285948573
848 84.47050285948573
849 84.47050285948573
850 84.47050285948573
851 84.47050285948573
852 84.47050285948573
853 84.47050285948573
854 84.47050285948573
855 84.47050285948573
856 84.47050285948573
857 84.47050285948573
858 84.47050285948573
859 84.47050285948573
860 84.47050285948573
861 84.47050285948573
862 84.47050285948573
863 84.47050285948573
864 84.47050285948573
865 84.47050285948573
866 84.47050285948573
867 84.47050285948573
868 84.47050285948573
869 84.47050285948573
870 84.47050285948573
871 84.47050285948573
872 84.47050285948573
873 84.47050285948573
874 84.47050285948573
875 84.47050285948573
876 84.47050285948573
877 84.47050285948573
878 84.47050285948573
879 84.47050285948573
880 84.47050285948573
881 84.47050285948573
882 84.47050285948573
883 84.47050285948573
884 84.47050285948573
885 84.47050285948573
886 84.47050285948573
887 84.47050285948573
888 84.47050285948573
889 84.47050285948573
890 84.47050285948573
891 84.47050285948573
892 84.47050285948573
893 84.47050285948573
894 84.47050285948573
895 84.47050285948573
896 84.47050285948573
897 84.47050285948573
898 84.47050285948573
899 84.47050285948573
900 84.47050285948573
901 84.47050285948573
902 84.47050285948573
903 84.47050285948573
904 84.47050285948573
905 84.47050285948573
906 84.47050285948573
907 84.47050285948573
908 84.47050285948573
909 84.47050285948573
910 84.47050285948573
911 84.47050285948573
912 84.47050285948573
913 84.47050285948573
914 84.47050285948573
915 84.47050285948573
916 84.47050285948573
917 84.47050285948573
918 84.47050285948573
919 84.47050285948573
920 84.47050285948573
921 84.47050285948573
922 84.47050285948573
923 84.47050285948573
924 84.47050285948573
925 84.47050285948573
926 84.47050285948573
927 84.47050285948573
928 84.47050285948573
929 84.47050285948573
930 84.47050285948573
931 84.47050285948573
932 84.47050285948573
933 84.47050285948573
934 84.47050285948573
935 84.47050285948573
936 84.47050285948573
937 84.47050285948573
938 84.47050285948573
939 84.47050285948573
940 84.47050285948573
941 84.47050285948573
942 84.47050285948573
943 84.47050285948573
944 84.47050285948573
945 84.47050285948573
946 84.47050285948573
947 84.47050285948573
948 84.47050285948573
949 84.47050285948573
950 84.47050285948573
951 84.47050285948573
952 84.47050285948573
953 84.47050285948573
954 84.47050285948573
955 84.47050285948573
956 84.47050285948573
957 84.47050285948573
958 84.47050285948573
959 84.47050285948573
960 84.47050285948573
961 84.47050285948573
962 84.47050285948573
963 84.47050285948573
964 84.47050285948573
965 84.47050285948573
966 84.47050285948573
967 84.47050285948573
968 84.47050285948573
969 84.47050285948573
970 84.47050285948573
971 84.47050285948573
972 84.47050285948573
973 84.47050285948573
974 84.47050285948573
975 84.47050285948573
976 84.47050285948573
977 84.47050285948573
978 84.47050285948573
979 84.47050285948573
980 84.47050285948573
981 84.47050285948573
982 84.47050285948573
983 84.47050285948573
984 84.47050285948573
985 84.47050285948573
986 84.47050285948573
987 84.47050285948573
988 84.47050285948573
989 84.47050285948573
990 84.47050285948573
991 84.47050285948573
992 84.47050285948573
993 84.47050285948573
994 84.47050285948573
995 84.47050285948573
996 84.47050285948573
997 84.47050285948573
998 84.47050285948573
999 84.47050285948573
