0 195.92511221795021
1 80.75288845187963
2 64.38486764505123
3 50.973871052017365
4 46.23960088014828
5 41.83087419394443
6 39.1146700176947
7 36.971190772033445
8 35.45445641994049
9 34.31818146926182
10 33.48870871216205
11 32.87521788848763
12 32.424192166728844
13 32.09160568778205
14 31.846695404133406
15 31.66622226145262
16 31.533274547637934
17 31.43532110951077
18 31.363155985353337
19 31.3099878334352
20 31.270816461902502
21 31.24195688884663
22 31.220694626030596
23 31.205029640386318
24 31.19348846107762
25 31.184985491879182
26 31.178720926367035
27 31.174105504932292
28 31.170705091231024
29 31.168199834905757
30 31.16635408618804
31 31.164994229982106
32 31.163992355304977
33 31.163254223679694
34 31.162710404867962
35 31.16230974611
36 31.16201456058694
37 31.161797082517907
38 31.161636855451096
39 31.16151880808634
40 31.161431836636382
41 31.161367760380813
42 31.16132055217026
43 31.161285771499507
44 31.161260146824418
45 31.16124126783336
46 31.16122735872804
47 31.161217111188357
48 31.161209561308755
49 31.16120399893154
50 31.16119990084761
51 31.16119688158238
52 31.161194657137315
53 31.16119301827638
54 31.161191810844883
55 31.161190921269192
56 31.16119026587385
57 31.161189783011043
58 31.161189427261668
59 31.161189165163137
60 31.16118897206195
61 31.161188829794526
62 31.161188724978953
63 31.16118864775604
64 31.161188590861997
65 31.161188548945287
66 31.161188518063163
67 31.161188495310697
68 31.161188478547846
69 31.161188466197803
70 31.161188457098884
71 31.161188450395276
72 31.161188445456368
73 31.16118844181762
74 31.1611884391368
75 31.16118843716168
76 31.161188435706563
77 31.16118843463445
78 31.161188433844593
79 31.161188433262655
80 31.161188432833885
81 31.161188432518042
82 31.161188432285286
83 31.161188432113825
84 31.161188431987544
85 31.161188431894455
86 31.161188431825884
87 31.16118843177538
88 31.16118843173817
89 31.161188431710727
90 31.161188431690572
91 31.161188431675633
92 31.1611884316647
93 31.161188431656598
94 31.16118843165063
95 31.16118843164629
96 31.16118843164306
97 31.16118843164065
98 31.16118843163893
99 31.161188431637637
100 31.161188431636678
101 31.161188431635935
102 31.16118843163542
103 31.161188431635093
104 31.161188431634788
105 31.161188431634564
106 31.16118843163447
107 31.161188431634322
108 31.161188431634248
109 31.161188431634187
110 31.161188431634105
111 31.161188431634084
112 31.16118843163409
113 31.161188431634077
114 31.161188431634038
115 31.161188431633985
116 31.161188431633995
117 31.16118843163403
118 31.161188431634034
119 31.161188431634024
120 31.161188431634017
121 31.16118843163402
122 31.161188431633974
123 31.161188431633995
124 31.16118843163402
125 31.161188431634002
126 31.161188431634017
127 31.161188431634002
128 31.161188431634006
129 31.16118843163399
130 31.161188431633995
131 31.161188431634027
132 31.161188431634006
133 31.161188431633978
134 31.161188431634027
135 31.16118843163401
136 31.161188431634
137 31.161188431633995
138 31.161188431634006
139 31.161188431634013
140 31.16118843163402
141 31.161188431633988
142 31.161188431634013
143 31.161188431634038
144 31.16118843163398
145 31.161188431634024
146 31.161188431634002
147 31.161188431633985
148 31.16118843163397
149 31.161188431634013
150 31.16118843163398
151 31.16118843163397
152 31.161188431633988
153 31.16118843163402
154 31.16118843163401
155 31.161188431633988
156 31.16118843163401
157 31.16118843163401
158 31.161188431634
159 31.161188431634013
160 31.161188431633988
161 31.161188431634017
162 31.16118843163399
163 31.16118843163398
164 31.161188431634002
165 31.161188431633978
166 31.161188431633995
167 31.161188431633995
168 31.161188431634017
169 31.161188431634045
170 31.16118843163399
171 31.161188431634024
172 31.161188431633978
173 31.161188431634017
174 31.16118843163401
175 31.161188431634024
176 31.16118843163397
177 31.16118843163402
178 31.161188431633985
179 31.161188431633978
180 31.16118843163403
181 31.161188431634006
182 31.161188431634006
183 31.161188431634
184 31.16118843163403
185 31.161188431634017
186 31.161188431633985
187 31.161188431634006
188 31.16118843163396
189 31.161188431634013
190 31.161188431633985
191 31.161188431634006
192 31.161188431634027
193 31.161188431634024
194 31.16118843163404
195 31.161188431634013
196 31.16118843163399
197 31.161188431633967
198 31.16118843163402
199 31.161188431633974
200 31.161188431633974
201 31.161188431633978
202 31.161188431633995
203 31.16118843163397
204 31.161188431634017
205 31.161188431633985
206 31.161188431634
207 31.161188431633985
208 31.16118843163399
209 31.161188431633995
210 31.161188431634017
211 31.16118843163402
212 31.161188431634006
213 31.161188431634017
214 31.161188431634006
215 31.161188431634002
216 31.161188431633995
217 31.16118843163399
218 31.161188431633978
219 31.161188431633988
220 31.161188431633988
221 31.161188431633995
222 31.161188431634
223 31.161188431634
224 31.161188431634
225 31.161188431634002
226 31.161188431634006
227 31.16118843163401
228 31.16118843163402
229 31.161188431634013
230 31.161188431634013
231 31.161188431634013
232 31.161188431634013
233 31.161188431634013
234 31.161188431634013
235 31.161188431634013
236 31.161188431634013
237 31.161188431634013
238 31.161188431634013
239 31.161188431634013
240 31.161188431634013
241 31.161188431634013
242 31.161188431634013
243 31.161188431634013
244 31.161188431634013
245 31.161188431634013
246 31.161188431634013
247 31.161188431634013
248 31.161188431634013
249 31.161188431634013
250 31.161188431634013
251 31.161188431634013
252 31.161188431634013
253 31.161188431634013
254 31.161188431634013
255 31.161188431634013
256 31.161188431634013
257 31.161188431634013
258 31.161188431634013
259 31.161188431634013
260 31.161188431634013
261 31.161188431634013
262 31.161188431634013
263 31.161188431634013
264 31.161188431634013
265 31.161188431634013
266 31.161188431634013
267 31.161188431634013
268 31.161188431634013
269 31.161188431634013
270 31.161188431634013
271 31.161188431634013
272 31.161188431634013
273 31.161188431634013
274 31.161188431634013
275 31.161188431634013
276 31.161188431634013
277 31.161188431634013
278 31.161188431634013
279 31.161188431634013
280 31.161188431634013
281 31.161188431634013
282 31.161188431634013
283 31.161188431634013
284 31.161188431634013
285 31.161188431634013
286 31.161188431634013
287 31.161188431634013
288 31.161188431634013
289 31.161188431634013
290 31.161188431634013
291 31.161188431634013
292 31.161188431634013
293 31.161188431634013
294 31.161188431634013
295 31.161188431634013
296 31.161188431634013
297 31.161188431634013
298 31.161188431634013
299 31.161188431634013
300 31.161188431634013
301 31.161188431634013
302 31.161188431634013
303 31.161188431634013
304 31.161188431634013
305 31.161188431634013
306 31.161188431634013
307 31.161188431634013
308 31.161188431634013
309 31.161188431634013
310 31.161188431634013
311 31.161188431634013
312 31.161188431634013
313 31.161188431634013
314 31.161188431634013
315 31.161188431634013
316 31.161188431634013
317 31.161188431634013
318 31.161188431634013
319 31.161188431634013
320 31.161188431634013
321 31.161188431634013
322 31.161188431634013
323 31.161188431634013
324 31.161188431634013
325 31.161188431634013
326 31.161188431634013
327 31.161188431634013
328 31.161188431634013
329 31.161188431634013
330 31.161188431634013
331 31.161188431634013
332 31.161188431634013
333 31.161188431634013
334 31.161188431634013
335 31.161188431634013
336 31.161188431634013
337 31.161188431634013
338 31.161188431634013
339 31.161188431634013
340 31.161188431634013
341 31.161188431634013
342 31.161188431634013
343 31.161188431634013
344 31.161188431634013
345 31.161188431634013
346 31.161188431634013
347 31.161188431634013
348 31.161188431634013
349 31.161188431634013
350 31.161188431634013
351 31.161188431634013
352 31.161188431634013
353 31.161188431634013
354 31.161188431634013
355 31.161188431634013
356 31.161188431634013
357 31.161188431634013
358 31.161188431634013
359 31.161188431634013
360 31.161188431634013
361 31.161188431634013
362 31.161188431634013
363 31.161188431634013
364 31.161188431634013
365 31.161188431634013
366 31.161188431634013
367 31.161188431634013
368 31.161188431634013
369 31.161188431634013
370 31.161188431634013
371 31.161188431634013
372 31.161188431634013
373 31.161188431634013
374 31.161188431634013
375 31.161188431634013
376 31.161188431634013
377 31.161188431634013
378 31.161188431634013
379 31.161188431634013
380 31.161188431634013
381 31.161188431634013
382 31.161188431634013
383 31.161188431634013
384 31.161188431634013
385 31.161188431634013
386 31.161188431634013
387 31.161188431634013
388 31.161188431634013
389 31.161188431634013
390 31.161188431634013
391 31.161188431634013
392 31.161188431634013
393 31.161188431634013
394 31.161188431634013
395 31.161188431634013
396 31.161188431634013
397 31.161188431634013
398 31.161188431634013
399 31.161188431634013
400 31.161188431634013
401 31.161188431634013
402 31.161188431634013
403 31.161188431634013
404 31.161188431634013
405 31.161188431634013
406 31.161188431634013
407 31.161188431634013
408 31.161188431634013
409 31.161188431634013
410 31.161188431634013
411 31.161188431634013
412 31.161188431634013
413 31.161188431634013
414 31.161188431634013
415 31.161188431634013
416 31.161188431634013
417 31.161188431634013
418 31.161188431634013
419 31.161188431634013
420 31.161188431634013
421 31.161188431634013
422 31.161188431634013
423 31.161188431634013
424 31.161188431634013
425 31.161188431634013
426 31.161188431634013
427 31.161188431634013
428 31.161188431634013
429 31.161188431634013
430 31.161188431634013
431 31.161188431634013
432 31.161188431634013
433 31.161188431634013
434 31.161188431634013
435 31.161188431634013
436 31.161188431634013
437 31.161188431634013
438 31.161188431634013
439 31.161188431634013
440 31.161188431634013
441 31.161188431634013
442 31.161188431634013
443 31.161188431634013
444 31.161188431634013
445 31.161188431634013
446 31.161188431634013
447 31.161188431634013
448 31.161188431634013
449 31.161188431634013
450 31.161188431634013
451 31.161188431634013
452 31.161188431634013
453 31.161188431634013
454 31.161188431634013
455 31.161188431634013
456 31.161188431634013
457 31.161188431634013
458 31.161188431634013
459 31.161188431634013
460 31.161188431634013
461 31.161188431634013
462 31.161188431634013
463 31.161188431634013
464 31.161188431634013
465 31.161188431634013
466 31.161188431634013
467 31.161188431634013
468 31.161188431634013
469 31.161188431634013
470 31.161188431634013
471 31.161188431634013
472 31.161188431634013
473 31.161188431634013
474 31.161188431634013
475 31.161188431634013
476 31.161188431634013
477 31.161188431634013
478 31.161188431634013
479 31.161188431634013
480 31.161188431634013
481 31.161188431634013
482 31.161188431634013
483 31.161188431634013
484 31.161188431634013
485 31.161188431634013
486 31.161188431634013
487 31.161188431634013
488 31.161188431634013
489 31.161188431634013
490 31.161188431634013
491 31.161188431634013
492 31.161188431634013
493 31.161188431634013
494 31.161188431634013
495 31.161188431634013
496 31.161188431634013
497 31.161188431634013
498 31.161188431634013
499 31.161188431634013
500 31.161188431634013
501 31.161188431634013
502 31.161188431634013
503 31.161188431634013
504 31.161188431634013
505 31.161188431634013
506 31.161188431634013
507 31.161188431634013
508 31.161188431634013
509 31.161188431634013
510 31.161188431634013
511 31.161188431634013
512 31.161188431634013
513 31.161188431634013
514 31.161188431634013
515 31.161188431634013
516 31.161188431634013
517 31.161188431634013
518 31.161188431634013
519 31.161188431634013
520 31.161188431634013
521 31.161188431634013
522 31.161188431634013
523 31.161188431634013
524 31.161188431634013
525 31.161188431634013
526 31.161188431634013
527 31.161188431634013
528 31.161188431634013
529 31.161188431634013
530 31.161188431634013
531 31.161188431634013
532 31.161188431634013
533 31.161188431634013
534 31.161188431634013
535 31.161188431634013
536 31.161188431634013
537 31.161188431634013
538 31.161188431634013
539 31.161188431634013
540 31.161188431634013
541 31.161188431634013
542 31.161188431634013
543 31.161188431634013
544 31.161188431634013
545 31.161188431634013
546 31.161188431634013
547 31.161188431634013
548 31.161188431634013
549 31.161188431634013
550 31.161188431634013
551 31.161188431634013
552 31.161188431634013
553 31.161188431634013
554 31.161188431634013
555 31.161188431634013
556 31.161188431634013
557 31.161188431634013
558 31.161188431634013
559 31.161188431634013
560 31.161188431634013
561 31.161188431634013
562 31.161188431634013
563 31.161188431634013
564 31.161188431634013
565 31.161188431634013
566 31.161188431634013
567 31.161188431634013
568 31.161188431634013
569 31.161188431634013
570 31.161188431634013
571 31.161188431634013
572 31.161188431634013
573 31.161188431634013
574 31.161188431634013
575 31.161188431634013
576 31.161188431634013
577 31.161188431634013
578 31.161188431634013
579 31.161188431634013
580 31.161188431634013
581 31.161188431634013
582 31.161188431634013
583 31.161188431634013
584 31.161188431634013
585 31.161188431634013
586 31.161188431634013
587 31.161188431634013
588 31.161188431634013
589 31.161188431634013
590 31.161188431634013
591 31.161188431634013
592 31.161188431634013
593 31.161188431634013
594 31.161188431634013
595 31.161188431634013
596 31.161188431634013
597 31.161188431634013
598 31.161188431634013
599 31.161188431634013
600 31.161188431634013
601 31.161188431634013
602 31.161188431634013
603 31.161188431634013
604 31.161188431634013
605 31.161188431634013
606 31.161188431634013
607 31.161188431634013
608 31.161188431634013
609 31.161188431634013
610 31.161188431634013
611 31.161188431634013
612 31.161188431634013
613 31.161188431634013
614 31.161188431634013
615 31.161188431634013
616 31.161188431634013
617 31.161188431634013
618 31.161188431634013
619 31.161188431634013
620 31.161188431634013
621 31.161188431634013
622 31.161188431634013
623 31.161188431634013
624 31.161188431634013
625 31.161188431634013
626 31.161188431634013
627 31.161188431634013
628 31.161188431634013
629 31.161188431634013
630 31.161188431634013
631 31.161188431634013
632 31.161188431634013
633 31.161188431634013
634 31.161188431634013
635 31.161188431634013
636 31.161188431634013
637 31.161188431634013
638 31.161188431634013
639 31.161188431634013
640 31.161188431634013
641 31.161188431634013
642 31.161188431634013
643 31.161188431634013
644 31.161188431634013
645 31.161188431634013
646 31.161188431634013
647 31.161188431634013
648 31.161188431634013
649 31.161188431634013
650 31.161188431634013
651 31.161188431634013
652 31.161188431634013
653 31.161188431634013
654 31.161188431634013
655 31.161188431634013
656 31.161188431634013
657 31.161188431634013
658 31.161188431634013
659 31.161188431634013
660 31.161188431634013
661 31.161188431634013
662 31.161188431634013
663 31.161188431634013
664 31.161188431634013
665 31.161188431634013
666 31.161188431634013
667 31.161188431634013
668 31.161188431634013
669 31.161188431634013
670 31.161188431634013
671 31.161188431634013
672 31.161188431634013
673 31.161188431634013
674 31.161188431634013
675 31.161188431634013
676 31.161188431634013
677 31.161188431634013
678 31.161188431634013
679 31.161188431634013
680 31.161188431634013
681 31.161188431634013
682 31.161188431634013
683 31.161188431634013
684 31.161188431634013
685 31.161188431634013
686 31.161188431634013
687 31.161188431634013
688 31.161188431634013
689 31.161188431634013
690 31.161188431634013
691 31.161188431634013
692 31.161188431634013
693 31.161188431634013
694 31.161188431634013
695 31.161188431634013
696 31.161188431634013
697 31.161188431634013
698 31.161188431634013
699 31.161188431634013
700 31.161188431634013
701 31.161188431634013
702 31.161188431634013
703 31.161188431634013
704 31.161188431634013
705 31.161188431634013
706 31.161188431634013
707 31.161188431634013
708 31.161188431634013
709 31.161188431634013
710 31.161188431634013
711 31.161188431634013
712 31.161188431634013
713 31.161188431634013
714 31.161188431634013
715 31.161188431634013
716 31.161188431634013
717 31.161188431634013
718 31.161188431634013
719 31.161188431634013
720 31.161188431634013
721 31.161188431634013
722 31.161188431634013
723 31.161188431634013
724 31.161188431634013
725 31.161188431634013
726 31.161188431634013
727 31.161188431634013
728 31.161188431634013
729 31.161188431634013
730 31.161188431634013
731 31.161188431634013
732 31.161188431634013
733 31.161188431634013
734 31.161188431634013
735 31.161188431634013
736 31.161188431634013
737 31.161188431634013
738 31.161188431634013
739 31.161188431634013
740 31.161188431634013
741 31.161188431634013
742 31.161188431634013
743 31.161188431634013
744 31.161188431634013
745 31.161188431634013
746 31.161188431634013
747 31.161188431634013
748 31.161188431634013
749 31.161188431634013
750 31.161188431634013
751 31.161188431634013
752 31.161188431634013
753 31.161188431634013
754 31.161188431634013
755 31.161188431634013
756 31.161188431634013
757 31.161188431634013
758 31.161188431634013
759 31.161188431634013
760 31.161188431634013
761 31.161188431634013
762 31.161188431634013
763 31.161188431634013
764 31.161188431634013
765 31.161188431634013
766 31.161188431634013
767 31.161188431634013
768 31.161188431634013
769 31.161188431634013
770 31.161188431634013
771 31.161188431634013
772 31.161188431634013
773 31.161188431634013
774 31.161188431634013
775 31.161188431634013
776 31.161188431634013
777 31.161188431634013
778 31.161188431634013
779 31.161188431634013
780 31.161188431634013
781 31.161188431634013
782 31.161188431634013
783 31.161188431634013
784 31.161188431634013
785 31.161188431634013
786 31.161188431634013
787 31.161188431634013
788 31.161188431634013
789 31.161188431634013
790 31.161188431634013
791 31.161188431634013
792 31.161188431634013
793 31.161188431634013
794 31.161188431634013
795 31.161188431634013
796 31.161188431634013
797 31.161188431634013
798 31.161188431634013
799 31.161188431634013
800 31.161188431634013
801 31.161188431634013
802 31.161188431634013
803 31.161188431634013
804 31.161188431634013
805 31.161188431634013
806 31.161188431634013
807 31.161188431634013
808 31.161188431634013
809 31.161188431634013
810 31.161188431634013
811 31.161188431634013
812 31.161188431634013
813 31.161188431634013
814 31.161188431634013
815 31.161188431634013
816 31.161188431634013
817 31.161188431634013
818 31.161188431634013
819 31.161188431634013
820 31.161188431634013
821 31.161188431634013
822 31.161188431634013
823 31.161188431634013
824 31.161188431634013
825 31.161188431634013
826 31.161188431634013
827 31.161188431634013
828 31.161188431634013
829 31.161188431634013
830 31.161188431634013
831 31.161188431634013
832 31.161188431634013
833 31.161188431634013
834 31.161188431634013
835 31.161188431634013
836 31.161188431634013
837 31.161188431634013
838 31.161188431634013
839 31.161188431634013
840 31.161188431634013
841 31.161188431634013
842 31.161188431634013
843 31.161188431634013
844 31.161188431634013
845 31.161188431634013
846 31.161188431634013
847 31.161188431634013
848 31.161188431634013
849 31.161188431634013
850 31.161188431634013
851 31.161188431634013
852 31.161188431634013
853 31.161188431634013
854 31.161188431634013
855 31.161188431634013
856 31.161188431634013
857 31.161188431634013
858 31.161188431634013
859 31.161188431634013
860 31.161188431634013
861 31.161188431634013
862 31.161188431634013
863 31.161188431634013
864 31.161188431634013
865 31.161188431634013
866 31.161188431634013
867 31.161188431634013
868 31.161188431634013
869 31.161188431634013
870 31.161188431634013
871 31.161188431634013
872 31.161188431634013
873 31.161188431634013
874 31.161188431634013
875 31.161188431634013
876 31.161188431634013
877 31.161188431634013
878 31.161188431634013
879 31.161188431634013
880 31.161188431634013
881 31.161188431634013
882 31.161188431634013
883 31.161188431634013
884 31.161188431634013
885 31.161188431634013
886 31.161188431634013
887 31.161188431634013
888 31.161188431634013
889 31.161188431634013
890 31.161188431634013
891 31.161188431634013
892 31.161188431634013
893 31.161188431634013
894 31.161188431634013
895 31.161188431634013
896 31.161188431634013
897 31.161188431634013
898 31.161188431634013
899 31.161188431634013
900 31.161188431634013
901 31.161188431634013
902 31.161188431634013
903 31.161188431634013
904 31.161188431634013
905 31.161188431634013
906 31.161188431634013
907 31.161188431634013
908 31.161188431634013
909 31.161188431634013
910 31.161188431634013
911 31.161188431634013
912 31.161188431634013
913 31.161188431634013
914 31.161188431634013
915 31.161188431634013
916 31.161188431634013
917 31.161188431634013
918 31.161188431634013
919 31.161188431634013
920 31.161188431634013
921 31.161188431634013
922 31.161188431634013
923 31.161188431634013
924 31.161188431634013
925 31.161188431634013
926 31.161188431634013
927 31.161188431634013
928 31.161188431634013
929 31.161188431634013
930 31.161188431634013
931 31.161188431634013
932 31.161188431634013
933 31.161188431634013
934 31.161188431634013
935 31.161188431634013
936 31.161188431634013
937 31.161188431634013
938 31.161188431634013
939 31.161188431634013
940 31.161188431634013
941 31.161188431634013
942 31.161188431634013
943 31.161188431634013
944 31.161188431634013
945 31.161188431634013
946 31.161188431634013
947 31.161188431634013
948 31.161188431634013
949 31.161188431634013
950 31.161188431634013
951 31.161188431634013
952 31.161188431634013
953 31.161188431634013
954 31.161188431634013
955 31.161188431634013
956 31.161188431634013
957 31.161188431634013
958 31.161188431634013
959 31.161188431634013
960 31.161188431634013
961 31.161188431634013
962 31.161188431634013
963 31.161188431634013
964 31.161188431634013
965 31.161188431634013
966 31.161188431634013
967 31.161188431634013
968 31.161188431634013
969 31.161188431634013
970 31.161188431634013
971 31.161188431634013
972 31.161188431634013
973 31.161188431634013
974 31.161188431634013
975 31.161188431634013
976 31.161188431634013
977 31.161188431634013
978 31.161188431634013
979 31.161188431634013
980 31.161188431634013
981 31.161188431634013
982 31.161188431634013
983 31.161188431634013
984 31.161188431634013
985 31.161188431634013
986 31.161188431634013
987 31.161188431634013
988 31.161188431634013
989 31.161188431634013
990 31.161188431634013
991 31.161188431634013
992 31.161188431634013
993 31.161188431634013
994 31.161188431634013
995 31.161188431634013
996 31.161188431634013
997 31.161188431634013
998 31.161188431634013
999 31.161188431634013
