0 195.19221271945983
1 80.4097844082426
2 64.84731167325114
3 51.52867248971609
4 46.53267723371149
5 41.78823789969303
6 38.74281404969724
7 36.30488265948768
8 34.52367290865726
9 33.150516120478564
10 32.106168065289175
11 31.29645283973649
12 30.664752982378996
13 30.16486531752493
14 29.764261675712945
15 29.438359025667516
16 29.169166260101782
17 28.94328751686777
18 28.75080407251954
19 28.584328572129156
20 28.438351678547438
21 28.30874606184953
22 28.192406368631033
23 28.08698227224941
24 27.99068247988062
25 27.902130131681158
26 27.82025632306648
27 27.744221591108165
28 27.67335802071575
29 27.60712651846652
30 27.54508525644038
31 27.486866338380008
32 27.43215852045055
33 27.380694390674048
34 27.33224083277442
35 27.286591910268047
36 27.243563534937064
37 27.202989451805237
38 27.164718196347803
39 27.1286107706165
40 27.094538851865565
41 27.062383396483625
42 27.032033538233968
43 27.00338570642726
44 26.976342909226446
45 26.95081414167753
46 26.926713888640045
47 26.903961700571525
48 26.882481825839537
49 26.862202887438094
50 26.8430575950783
51 26.8249824858967
52 26.807917688698375
53 26.79180670788379
54 26.77659622411825
55 26.762235909472313
56 26.748678255259062
57 26.73587841116163
58 26.723794034519827
59 26.712385148848877
60 26.701614010819306
61 26.691444985043645
62 26.68184442610629
63 26.672780567343043
64 26.66422341593108
65 26.65614465389553
66 26.648517544673922
67 26.641316844909447
68 26.63451872116932
69 26.62810067130708
70 26.62204145020429
71 26.616320999646806
72 26.610920382103057
73 26.605821718187926
74 26.60100812760696
75 26.596463673387728
76 26.5921733092161
77 26.58812282970573
78 26.584298823437553
79 26.580688628616443
80 26.57728029119946
81 26.574062525358553
82 26.571024676148472
83 26.568156684257342
84 26.565449052723807
85 26.562892815511862
86 26.56047950783975
87 26.558201138165717
88 26.556050161737502
89 26.554019455619617
90 26.55210229511515
91 26.550292331504725
92 26.548583571029205
93 26.546970355046735
94 26.545447341298328
95 26.54400948622076
96 26.54265202824729
97 26.541370472042505
98 26.54016057361764
99 26.539018326278114
100 26.537939947356573
101 26.536921865687614
102 26.535960709782316
103 26.535053296664447
104 26.534196621330203
105 26.533387846797456
106 26.532624294711354
107 26.53190343647498
108 26.531222884876012
109 26.530580386181434
110 26.5299738126744
111 26.52940115560805
112 26.528860518553625
113 26.52835011112019
114 26.52786824302583
115 26.52741331849994
116 26.526983830998926
117 26.52657835821693
118 26.52619555737601
119 26.52583416077912
120 26.525492971612127
121 26.525170859980534
122 26.524866759167534
123 26.524579662101445
124 26.524308618020832
125 26.52405272932596
126 26.523811148606015
127 26.523583075833056
128 26.52336775571261
129 26.5231644751822
130 26.522972561050146
131 26.522791377766282
132 26.522620325316918
133 26.522458837238087
134 26.522306378739717
135 26.522162444934164
136 26.522026559164573
137 26.52189827142637
138 26.521777156876855
139 26.52166281442833
140 26.521554865419837
141 26.52145295236323
142 26.521356737759156
143 26.521265902979568
144 26.521180147212426
145 26.52109918646557
146 26.5210227526262
147 26.52095059257297
148 26.52088246733783
149 26.520818151314547
150 26.52075743151164
151 26.520700106847052
152 26.520645987482087
153 26.52059489419291
154 26.520546657777025
155 26.52050111849284
156 26.520458125530563
157 26.520417536513072
158 26.52037921702418
159 26.52034304016342
160 26.52030888612627
161 26.520276641806753
162 26.52024620042329
163 26.520217461165096
164 26.52019032885798
165 26.520164713649574
166 26.520140530711533
167 26.520117699958732
168 26.520096145783864
169 26.520075796807348
170 26.520056585640653
171 26.52003844866336
172 26.52002132581232
173 26.52000516038281
174 26.519989898840763
175 26.519975490645475
176 26.519961888082157
177 26.519949046104063
178 26.519936922183135
179 26.519925476169377
180 26.519914670157696
181 26.51990446836247
182 26.51989483699902
183 26.519885744171745
184 26.519877159768498
185 26.519869055360786
186 26.519861404109797
187 26.519854180677278
188 26.51984736114191
189 26.519840922919816
190 26.519834844689843
191 26.519829106323147
192 26.519823688816338
193 26.51981857422862
194 26.519813745622237
195 26.519809187006633
196 26.51980488328532
197 26.519800820205894
198 26.519796984312954
199 26.519793362903332
200 26.519789943984264
201 26.51978671623351
202 26.519783668961967
203 26.519780792078134
204 26.519778076054795
205 26.5197755118975
206 26.519773091114633
207 26.519770805689493
208 26.519768648053496
209 26.519766611061424
210 26.519764687967413
211 26.51976287240292
212 26.519761158355447
213 26.519759540148623
214 26.51975801242363
215 26.519756570121096
216 26.519755208464726
217 26.519753922945146
218 26.519752709305198
219 26.519751563525702
220 26.519750481812334
221 26.519749460582773
222 26.519748496455108
223 26.519747586236498
224 26.51974672691261
225 26.519745915637706
226 26.51974514972511
227 26.519744426638344
228 26.519743743982907
229 26.51974309949805
230 26.51974249104942
231 26.519741916622127
232 26.519741374313853
233 26.519740862328646
234 26.519740378971015
235 26.519739922640294
236 26.519739491825188
237 26.519739085099022
238 26.519738701114893
239 26.519738338601222
240 26.51973799635743
241 26.519737673250113
242 26.519737368209288
243 26.519737080224854
244 26.51973680834294
245 26.519736551663293
246 26.51973630933585
247 26.519736080558115
248 26.51973586457245
249 26.519735660663596
250 26.519735468156256
251 26.51973528641291
252 26.519735114831725
253 26.519734952844534
254 26.51973479991475
255 26.51973465553608
256 26.519734519230305
257 26.519734390546034
258 26.519734269057132
259 26.519734154361217
260 26.519734046078554
261 26.519733943850497
262 26.51973384733848
263 26.519733756222923
264 26.519733670202147
265 26.519733588991098
266 26.51973351232099
267 26.519733439937916
268 26.519733371602097
269 26.5197333070873
270 26.519733246179815
271 26.519733188677947
272 26.5197331343913
273 26.51973308314007
274 26.51973303475458
275 26.519732989074527
276 26.519732945948665
277 26.51973290523417
278 26.51973286679631
279 26.51973283050759
280 26.51973279624798
281 26.519732763903978
282 26.51973273336852
283 26.519732704540417
284 26.51973267732423
285 26.519732651629845
286 26.519732627372186
287 26.51973260447089
288 26.519732582850082
289 26.519732562438247
290 26.51973254316763
291 26.51973252497459
292 26.51973250779883
293 26.51973249158345
294 26.519732476274704
295 26.519732461821988
296 26.519732448177358
297 26.519732435295683
298 26.51973242313429
299 26.519732411652914
300 26.51973240081352
301 26.51973239058018
302 26.519732380919024
303 26.519732371798153
304 26.51973236318716
305 26.519732355057723
306 26.519732347382835
307 26.519732340137036
308 26.519732333296446
309 26.51973232683831
310 26.519732320741305
311 26.5197323149852
312 26.519732309550925
313 26.519732304420547
314 26.519732299577022
315 26.519732295004314
316 26.51973229068727
317 26.519732286611656
318 26.519732282763893
319 26.519732279131276
320 26.519732275701777
321 26.51973227246409
322 26.5197322694074
323 26.519732266521615
324 26.51973226379719
325 26.51973226122511
326 26.51973225879683
327 26.519732256504348
328 26.519732254340063
329 26.51973225229678
330 26.519732250367724
331 26.51973224854654
332 26.519732246827207
333 26.51973224520396
334 26.519732243671545
335 26.51973224222478
336 26.519732240858932
337 26.519732239569432
338 26.519732238352077
339 26.519732237202703
340 26.51973223611766
341 26.519732235093265
342 26.51973223412614
343 26.519732233213134
344 26.519732232351178
345 26.519732231537375
346 26.519732230769094
347 26.519732230043775
348 26.51973222935898
349 26.519732228712506
350 26.519732228102175
351 26.51973222752598
352 26.51973222698199
353 26.519732226468452
354 26.519732225983596
355 26.519732225525814
356 26.519732225093716
357 26.51973222468573
358 26.519732224300544
359 26.519732223936927
360 26.51973222359363
361 26.51973222326952
362 26.51973222296354
363 26.51973222267463
364 26.519732222401924
365 26.51973222214445
366 26.51973222190139
367 26.519732221671898
368 26.519732221455225
369 26.519732221250713
370 26.519732221057602
371 26.51973222087529
372 26.519732220703183
373 26.519732220540693
374 26.519732220387304
375 26.519732220242425
376 26.51973222010573
377 26.51973221997667
378 26.519732219854813
379 26.51973221973974
380 26.519732219631116
381 26.51973221952858
382 26.519732219431774
383 26.519732219340383
384 26.519732219254074
385 26.519732219172635
386 26.519732219095715
387 26.519732219023084
388 26.519732218954573
389 26.51973221888983
390 26.519732218828736
391 26.51973221877107
392 26.519732218716637
393 26.519732218665215
394 26.519732218616667
395 26.519732218570862
396 26.519732218527615
397 26.519732218486762
398 26.51973221844822
399 26.519732218411786
400 26.51973221837742
401 26.51973221834498
402 26.519732218314342
403 26.519732218285416
404 26.51973221825815
405 26.519732218232352
406 26.519732218208013
407 26.519732218185098
408 26.519732218163362
409 26.519732218142888
410 26.519732218123572
411 26.51973221810531
412 26.519732218088084
413 26.519732218071816
414 26.519732218056472
415 26.519732218041966
416 26.519732218028263
417 26.519732218015346
418 26.519732218003163
419 26.51973221799166
420 26.519732217980764
421 26.51973221797052
422 26.519732217960808
423 26.51973221795168
424 26.519732217943023
425 26.51973221793489
426 26.5197322179272
427 26.519732217919916
428 26.519732217913063
429 26.51973221790658
430 26.51973221790045
431 26.519732217894678
432 26.51973221788922
433 26.5197322178841
434 26.519732217879245
435 26.51973221787462
436 26.5197322178703
437 26.51973221786621
438 26.519732217862362
439 26.519732217858728
440 26.519732217855303
441 26.519732217852027
442 26.519732217848933
443 26.51973221784608
444 26.519732217843327
445 26.519732217840755
446 26.51973221783829
447 26.519732217836026
448 26.519732217833827
449 26.519732217831837
450 26.51973221782986
451 26.519732217828032
452 26.519732217826277
453 26.519732217824707
454 26.519732217823165
455 26.519732217821723
456 26.519732217820323
457 26.519732217819044
458 26.519732217817808
459 26.519732217816678
460 26.519732217815598
461 26.519732217814557
462 26.519732217813594
463 26.519732217812646
464 26.51973221781177
465 26.519732217810972
466 26.51973221781021
467 26.51973221780947
468 26.51973221780882
469 26.51973221780814
470 26.519732217807523
471 26.519732217806943
472 26.519732217806375
473 26.51973221780588
474 26.51973221780539
475 26.519732217804943
476 26.519732217804513
477 26.51973221780408
478 26.519732217803696
479 26.519732217803348
480 26.519732217803
481 26.51973221780269
482 26.51973221780237
483 26.519732217802062
484 26.519732217801813
485 26.519732217801558
486 26.51973221780129
487 26.519732217801085
488 26.519732217800872
489 26.519732217800673
490 26.519732217800463
491 26.519732217800243
492 26.519732217800115
493 26.51973221779994
494 26.519732217799795
495 26.519732217799636
496 26.519732217799508
497 26.519732217799355
498 26.519732217799245
499 26.51973221779916
500 26.519732217799053
501 26.51973221779894
502 26.519732217798847
503 26.519732217798744
504 26.51973221779865
505 26.519732217798555
506 26.519732217798467
507 26.519732217798442
508 26.51973221779832
509 26.5197322177983
510 26.519732217798218
511 26.519732217798172
512 26.519732217798115
513 26.519732217798065
514 26.519732217798005
515 26.519732217797962
516 26.519732217797905
517 26.519732217797888
518 26.519732217797834
519 26.519732217797824
520 26.519732217797774
521 26.51973221779773
522 26.519732217797745
523 26.519732217797678
524 26.51973221779763
525 26.51973221779765
526 26.519732217797625
527 26.519732217797596
528 26.519732217797575
529 26.519732217797554
530 26.519732217797536
531 26.5197322177975
532 26.51973221779748
533 26.51973221779745
534 26.51973221779744
535 26.51973221779743
536 26.519732217797422
537 26.519732217797404
538 26.51973221779739
539 26.519732217797394
540 26.519732217797376
541 26.519732217797376
542 26.51973221779734
543 26.51973221779733
544 26.519732217797362
545 26.51973221779734
546 26.519732217797337
547 26.519732217797348
548 26.51973221779731
549 26.51973221779732
550 26.51973221779727
551 26.51973221779729
552 26.51973221779731
553 26.519732217797287
554 26.51973221779725
555 26.51973221779726
556 26.519732217797266
557 26.519732217797255
558 26.519732217797237
559 26.519732217797262
560 26.519732217797255
561 26.519732217797237
562 26.51973221779726
563 26.51973221779726
564 26.51973221779724
565 26.519732217797213
566 26.519732217797223
567 26.519732217797234
568 26.519732217797227
569 26.519732217797237
570 26.51973221779723
571 26.519732217797202
572 26.519732217797213
573 26.519732217797213
574 26.519732217797205
575 26.51973221779722
576 26.519732217797205
577 26.519732217797205
578 26.519732217797223
579 26.519732217797227
580 26.51973221779721
581 26.519732217797205
582 26.51973221779722
583 26.51973221779723
584 26.519732217797166
585 26.5197322177972
586 26.51973221779722
587 26.51973221779722
588 26.51973221779723
589 26.51973221779721
590 26.519732217797202
591 26.519732217797202
592 26.51973221779721
593 26.519732217797195
594 26.519732217797205
595 26.519732217797205
596 26.51973221779721
597 26.51973221779721
598 26.519732217797184
599 26.51973221779722
600 26.519732217797223
601 26.51973221779719
602 26.519732217797195
603 26.519732217797205
604 26.519732217797195
605 26.519732217797205
606 26.519732217797205
607 26.519732217797237
608 26.519732217797177
609 26.519732217797202
610 26.51973221779718
611 26.519732217797213
612 26.519732217797163
613 26.519732217797166
614 26.519732217797184
615 26.519732217797173
616 26.519732217797184
617 26.51973221779719
618 26.51973221779722
619 26.51973221779718
620 26.51973221779718
621 26.519732217797188
622 26.51973221779718
623 26.519732217797202
624 26.519732217797202
625 26.519732217797188
626 26.519732217797202
627 26.519732217797188
628 26.519732217797195
629 26.519732217797223
630 26.519732217797166
631 26.519732217797166
632 26.519732217797173
633 26.519732217797177
634 26.519732217797177
635 26.519732217797177
636 26.519732217797188
637 26.51973221779719
638 26.519732217797188
639 26.519732217797177
640 26.51973221779721
641 26.51973221779718
642 26.519732217797202
643 26.519732217797195
644 26.519732217797205
645 26.519732217797216
646 26.51973221779717
647 26.51973221779722
648 26.51973221779721
649 26.51973221779717
650 26.519732217797177
651 26.519732217797213
652 26.51973221779717
653 26.519732217797202
654 26.519732217797205
655 26.519732217797213
656 26.5197322177972
657 26.5197322177972
658 26.519732217797163
659 26.519732217797195
660 26.519732217797173
661 26.519732217797188
662 26.519732217797188
663 26.519732217797173
664 26.51973221779719
665 26.519732217797163
666 26.519732217797163
667 26.5197322177972
668 26.519732217797216
669 26.519732217797188
670 26.519732217797205
671 26.519732217797205
672 26.519732217797202
673 26.51973221779721
674 26.519732217797184
675 26.51973221779717
676 26.519732217797184
677 26.519732217797184
678 26.51973221779721
679 26.51973221779718
680 26.51973221779719
681 26.51973221779719
682 26.51973221779718
683 26.519732217797202
684 26.519732217797177
685 26.519732217797166
686 26.519732217797213
687 26.519732217797195
688 26.519732217797195
689 26.519732217797205
690 26.519732217797205
691 26.519732217797195
692 26.519732217797188
693 26.51973221779719
694 26.51973221779719
695 26.51973221779718
696 26.51973221779722
697 26.519732217797202
698 26.5197322177972
699 26.51973221779716
700 26.519732217797205
701 26.519732217797205
702 26.519732217797177
703 26.519732217797184
704 26.519732217797202
705 26.519732217797177
706 26.5197322177972
707 26.519732217797205
708 26.519732217797173
709 26.519732217797166
710 26.51973221779721
711 26.51973221779717
712 26.51973221779718
713 26.51973221779718
714 26.519732217797188
715 26.519732217797205
716 26.519732217797156
717 26.51973221779716
718 26.519732217797177
719 26.519732217797177
720 26.519732217797166
721 26.519732217797188
722 26.519732217797216
723 26.519732217797202
724 26.51973221779719
725 26.519732217797216
726 26.519732217797188
727 26.519732217797184
728 26.519732217797195
729 26.519732217797188
730 26.519732217797166
731 26.519732217797184
732 26.5197322177972
733 26.519732217797216
734 26.519732217797188
735 26.519732217797177
736 26.519732217797223
737 26.51973221779722
738 26.5197322177972
739 26.5197322177972
740 26.519732217797195
741 26.519732217797173
742 26.519732217797188
743 26.5197322177972
744 26.51973221779721
745 26.519732217797188
746 26.51973221779717
747 26.519732217797213
748 26.519732217797195
749 26.519732217797173
750 26.519732217797202
751 26.519732217797184
752 26.51973221779718
753 26.51973221779719
754 26.51973221779718
755 26.519732217797202
756 26.519732217797188
757 26.5197322177972
758 26.519732217797195
759 26.519732217797188
760 26.519732217797184
761 26.51973221779718
762 26.519732217797184
763 26.519732217797195
764 26.5197322177972
765 26.519732217797195
766 26.51973221779723
767 26.51973221779717
768 26.519732217797202
769 26.519732217797195
770 26.51973221779718
771 26.51973221779719
772 26.519732217797195
773 26.519732217797202
774 26.519732217797195
775 26.51973221779719
776 26.519732217797173
777 26.519732217797173
778 26.519732217797184
779 26.51973221779718
780 26.519732217797184
781 26.519732217797205
782 26.519732217797205
783 26.51973221779718
784 26.519732217797188
785 26.5197322177972
786 26.519732217797173
787 26.519732217797205
788 26.519732217797163
789 26.519732217797195
790 26.51973221779719
791 26.519732217797213
792 26.519732217797188
793 26.519732217797195
794 26.519732217797173
795 26.519732217797195
796 26.519732217797202
797 26.5197322177972
798 26.519732217797195
799 26.5197322177972
800 26.519732217797195
801 26.51973221779719
802 26.51973221779719
803 26.51973221779716
804 26.519732217797173
805 26.519732217797163
806 26.519732217797156
807 26.519732217797184
808 26.519732217797184
809 26.51973221779724
810 26.519732217797213
811 26.519732217797173
812 26.519732217797205
813 26.519732217797166
814 26.519732217797184
815 26.51973221779719
816 26.519732217797213
817 26.519732217797213
818 26.519732217797195
819 26.519732217797188
820 26.519732217797195
821 26.519732217797195
822 26.519732217797205
823 26.519732217797195
824 26.519732217797166
825 26.51973221779722
826 26.51973221779719
827 26.519732217797205
828 26.519732217797205
829 26.5197322177972
830 26.519732217797205
831 26.519732217797202
832 26.51973221779719
833 26.519732217797188
834 26.519732217797195
835 26.519732217797188
836 26.519732217797202
837 26.519732217797195
838 26.519732217797202
839 26.519732217797184
840 26.51973221779719
841 26.519732217797216
842 26.519732217797202
843 26.51973221779719
844 26.51973221779719
845 26.51973221779718
846 26.519732217797184
847 26.51973221779716
848 26.519732217797195
849 26.519732217797205
850 26.519732217797195
851 26.519732217797216
852 26.51973221779717
853 26.519732217797173
854 26.519732217797213
855 26.519732217797184
856 26.519732217797195
857 26.519732217797152
858 26.51973221779718
859 26.519732217797173
860 26.519732217797195
861 26.5197322177972
862 26.51973221779721
863 26.519732217797177
864 26.51973221779719
865 26.519732217797237
866 26.519732217797216
867 26.51973221779721
868 26.519732217797184
869 26.51973221779717
870 26.5197322177972
871 26.519732217797184
872 26.51973221779718
873 26.519732217797156
874 26.51973221779721
875 26.519732217797195
876 26.519732217797184
877 26.519732217797173
878 26.51973221779722
879 26.51973221779719
880 26.51973221779719
881 26.51973221779718
882 26.519732217797184
883 26.519732217797166
884 26.519732217797177
885 26.519732217797152
886 26.519732217797195
887 26.519732217797188
888 26.519732217797202
889 26.519732217797184
890 26.519732217797237
891 26.5197322177972
892 26.519732217797184
893 26.51973221779718
894 26.519732217797166
895 26.519732217797156
896 26.51973221779721
897 26.519732217797184
898 26.519732217797177
899 26.519732217797184
900 26.51973221779717
901 26.519732217797184
902 26.51973221779721
903 26.519732217797213
904 26.519732217797177
905 26.519732217797163
906 26.519732217797173
907 26.51973221779717
908 26.519732217797173
909 26.51973221779719
910 26.519732217797173
911 26.519732217797205
912 26.519732217797202
913 26.5197322177972
914 26.51973221779721
915 26.519732217797216
916 26.519732217797188
917 26.519732217797202
918 26.519732217797184
919 26.519732217797184
920 26.51973221779719
921 26.51973221779717
922 26.519732217797188
923 26.519732217797177
924 26.519732217797205
925 26.519732217797173
926 26.519732217797202
927 26.519732217797173
928 26.51973221779717
929 26.51973221779719
930 26.519732217797163
931 26.519732217797202
932 26.51973221779717
933 26.51973221779719
934 26.519732217797205
935 26.519732217797177
936 26.5197322177972
937 26.519732217797213
938 26.519732217797188
939 26.51973221779717
940 26.51973221779721
941 26.519732217797184
942 26.51973221779717
943 26.51973221779719
944 26.51973221779721
945 26.51973221779719
946 26.519732217797188
947 26.5197322177972
948 26.519732217797195
949 26.519732217797202
950 26.51973221779718
951 26.519732217797223
952 26.51973221779717
953 26.51973221779721
954 26.51973221779718
955 26.5197322177972
956 26.519732217797202
957 26.519732217797184
958 26.5197322177972
959 26.519732217797223
960 26.519732217797205
961 26.519732217797173
962 26.519732217797205
963 26.519732217797195
964 26.5197322177972
965 26.51973221779718
966 26.519732217797195
967 26.519732217797195
968 26.5197322177972
969 26.519732217797195
970 26.51973221779722
971 26.519732217797188
972 26.51973221779717
973 26.519732217797166
974 26.5197322177972
975 26.519732217797184
976 26.519732217797195
977 26.51973221779719
978 26.519732217797195
979 26.519732217797188
980 26.519732217797202
981 26.519732217797173
982 26.519732217797202
983 26.519732217797184
984 26.519732217797205
985 26.51973221779718
986 26.51973221779719
987 26.519732217797188
988 26.519732217797205
989 26.519732217797213
990 26.519732217797213
991 26.519732217797184
992 26.519732217797205
993 26.519732217797202
994 26.5197322177972
995 26.519732217797173
996 26.519732217797177
997 26.519732217797173
998 26.51973221779718
999 26.5197322177972
