0 188.60803771699415
1 70.97901367477702
2 57.39916845332365
3 45.4025783188427
4 41.446987038402874
5 38.25592123423555
6 36.46456619592439
7 35.18607069477038
8 34.31349356778567
9 33.66123379874797
10 33.1555981779568
11 32.7406526758909
12 32.38590378132404
13 32.07159024271296
14 31.78582510837984
15 31.521052542316927
16 31.2724889426641
17 31.037003898940178
18 30.81250099277551
19 30.597523581180926
20 30.39102058857226
21 30.19220088510903
22 30.000444046094067
23 29.815244489421985
24 29.636176337874097
25 29.462870916064958
26 29.29500211801137
27 29.132276683146905
28 28.974427582677034
29 28.821209397939338
30 28.67239499675662
31 28.52777307009102
32 28.387146250755592
33 28.25032963450148
34 28.117149585813355
35 27.987442749986613
36 27.861055218281255
37 27.73784180935742
38 27.617665441051802
39 27.500396573851678
40 27.38591271241141
41 27.27409795493019
42 27.16484258266577
43 27.05804268362834
44 26.953599805788084
45 26.851420636088406
46 26.751416702273445
47 26.65350409508581
48 26.557603208806835
49 26.463638498440535
50 26.37153825209457
51 26.281234377315855
52 26.192662200299427
53 26.1057602770204
54 26.020470215445997
55 25.93673650807224
56 25.854506374105515
57 25.773729610668905
58 25.694358452468943
59 25.616347439402762
60 25.53965329162662
61 25.464234791640692
62 25.390052672978452
63 25.31706951511469
64 25.245249644233503
65 25.17455903951956
66 25.104965244657002
67 25.036437284240538
68 24.96894558482012
69 24.90246190031815
70 24.836959241572327
71 24.772411809773498
72 24.708794933578844
73 24.646085009695557
74 24.584259446740443
75 24.523296612192482
76 24.463175782266426
77 24.40387709454303
78 24.345381503203836
79 24.287670736724678
80 24.230727257890756
81 24.174534226005083
82 24.119075461167135
83 24.06433541050736
84 24.010299116268662
85 23.956952185631945
86 23.90428076218954
87 23.852271498973945
88 23.80091153295674
89 23.750188460934943
90 23.70009031672898
91 23.650605549618366
92 23.60172300394754
93 23.553431899836134
94 23.505721814933125
95 23.458582667156605
96 23.412004698364974
97 23.36597845890767
98 23.320494793006898
99 23.275544824924694
100 23.231119945871146
101 23.187211801613866
102 23.143812280749046
103 23.100913503597997
104 23.058507811694795
105 23.01658775783208
106 22.9751460966343
107 22.934175775629758
108 22.89366992679338
109 22.853621858534545
110 22.814025048105893
111 22.77487313440927
112 22.73615991117737
113 22.69787932051054
114 22.66002544674908
115 22.622592510662667
116 22.58557486393946
117 22.54896698395882
118 22.51276346883167
119 22.47695903269419
120 22.441548501240888
121 22.40652680748386
122 22.371888987726543
123 22.337630177739165
124 22.303745609125915
125 22.270230605873206
126 22.23708058106853
127 22.20429103378193
128 22.171857546099666
129 22.13977578030353
130 22.108041476186656
131 22.076650448499002
132 22.045598584515602
133 22.014881841720783
134 21.984496245602138
135 21.954437887548362
136 21.92470292284564
137 21.895287568767042
138 21.866188102749906
139 21.83740086065694
140 21.808922235116007
141 21.78074867393528
142 21.75287667858847
143 21.725302802767942
144 21.698023651001034
145 21.671035877326663
146 21.644336184028965
147 21.617921320425538
148 21.591788081706095
149 21.565933307820586
150 21.540353882413054
151 21.515046731799053
152 21.490008823984876
153 21.465237167726077
154 21.440728811623067
155 21.4164808432523
156 21.392490388331392
157 21.368754609915428
158 21.3452707076245
159 21.3220359168992
160 21.299047508284165
161 21.276302786737098
162 21.253799090962858
163 21.231533792770822
164 21.209504296454753
165 21.187708038193854
166 21.166142485473987
167 21.14480513652813
168 21.1236935197954
169 21.102805193397245
170 21.082137744630316
171 21.061688789475298
172 21.041455972120854
173 21.02143696450158
174 21.001629465850375
175 20.982031202263265
176 20.962639926277184
177 20.943453416459356
178 20.924469477008525
179 20.905685937366442
180 20.887100651840584
181 20.86871149923608
182 20.850516382497702
183 20.8325132283607
184 20.814699987010606
185 20.79707463175122
186 20.779635158680527
187 20.76237958637487
188 20.74530595557979
189 20.72841232890842
190 20.711696790546487
191 20.69515744596398
192 20.678792421632917
193 20.662599864751485
194 20.646577942973575
195 20.630724844144165
196 20.615038776040098
197 20.59951796611603
198 20.584160661255236
199 20.568965127525324
200 20.553929649938905
201 20.5390525322181
202 20.524332096564205
203 20.50976668343073
204 20.49535465130121
205 20.481094376470505
206 20.466984252829945
207 20.453022691656475
208 20.439208121404853
209 20.425538987503817
210 20.412013752155154
211 20.398630894136506
212 20.38538890860681
213 20.37228630691525
214 20.359321616412874
215 20.346493380267365
216 20.33380015728043
217 20.32124052170808
218 20.308813063083413
219 20.296516386042285
220 20.284349110151144
221 20.272309869737715
222 20.260397313723697
223 20.24861010546034
224 20.236946922565647
225 20.225406456764606
226 20.21398741373079
227 20.2026885129308
228 20.191508487470447
229 20.180446083942922
230 20.16950006227925
231 20.158669195600613
232 20.147952270072217
233 20.137348084759875
234 20.126855451487444
235 20.116473194696894
236 20.106200151309665
237 20.09603517058996
238 20.08597711400969
239 20.076024855115108
240 20.06617727939513
241 20.05643328415117
242 20.04679177836867
243 20.037251682590114
244 20.02781192878955
245 20.01847146024887
246 20.00922923143513
247 20.000084207879738
248 19.991035366058732
249 19.982081693274896
250 19.97322218754083
251 19.964455857463506
252 19.955781722130364
253 19.94719881099667
254 19.938706163773812
255 19.93030283031939
256 19.921987870528366
257 19.913760354225285
258 19.905619361058076
259 19.897563980392643
260 19.8895933112091
261 19.881706461998846
262 19.873902550662955
263 19.866180704411622
264 19.85854005966479
265 19.850979761954015
266 19.843498965825074
267 19.836096834742058
268 19.82877254099231
269 19.821525265592474
270 19.81435419819547
271 19.80725853699886
272 19.800237488653643
273 19.793290268174673
274 19.78641609885156
275 19.779614212160965
276 19.7728838476794
277 19.76622425299752
278 19.75963468363487
279 19.75311440295587
280 19.746662682086434
281 19.740278799831984
282 19.733962042595774
283 19.727711704298464
284 19.721527086298497
285 19.71540749731336
286 19.709352253341468
287 19.70336067758529
288 19.697432100375003
289 19.691565859093096
290 19.685761298099646
291 19.68001776865874
292 19.674334628865186
293 19.668711243572478
294 19.66314698432131
295 19.657641229268755
296 19.6521933631186
297 19.646802777051796
298 19.641468868658507
299 19.636191041869914
300 19.63096870689156
301 19.625801280137104
302 19.6206881841625
303 19.615628847601393
304 19.61062270510085
305 19.605669197257978
306 19.60076777055702
307 19.595917877307283
308 19.59111897558173
309 19.586370529156028
310 19.58167200744854
311 19.577022885460785
312 19.572422643718397
313 19.56787076821308
314 19.563366750344812
315 19.558910086864874
316 19.554500279819496
317 19.55013683649394
318 19.545819269357267
319 19.541547096007744
320 19.537319839118823
321 19.53313702638555
322 19.528998190471683
323 19.52490286895745
324 19.52085060428749
325 19.516840943719867
326 19.51287343927516
327 19.50894764768645
328 19.505063130349512
329 19.50121945327383
330 19.49741618703398
331 19.49365290672146
332 19.489929191897136
333 19.486244626544355
334 19.482598799022117
335 19.478991302019107
336 19.475421732508135
337 19.47188969170101
338 19.46839478500382
339 19.46493662197291
340 19.461514816271055
341 19.458128985624366
342 19.454778751779337
343 19.451463740460717
344 19.448183581329445
345 19.44493790794133
346 19.44172635770609
347 19.438548571846642
348 19.435404195359098
349 19.432292876972944
350 19.42921426911186
351 19.42616802785478
352 19.423153812897425
353 19.420171287514165
354 19.41722011852057
355 19.41429997623588
356 19.41141053444641
357 19.408551470368774
358 19.405722464614048
359 19.40292320115186
360 19.400153367275177
361 19.397412653565308
362 19.394700753857233
363 19.39201736520552
364 19.38936218785027
365 19.38673492518372
366 19.384135283717022
367 19.38156297304758
368 19.379017705826268
369 19.376499197725604
370 19.37400716740792
371 19.371541336493678
372 19.369101429530694
373 19.36668717396301
374 19.364298300100742
375 19.361934541089592
376 19.359595632881422
377 19.35728131420429
378 19.35499132653366
379 19.352725414063194
380 19.35048332367634
381 19.348264804917992
382 19.34606960996641
383 19.34389749360576
384 19.34174821319833
385 19.339621528657823
386 19.337517202422234
387 19.335434999427388
388 19.33337468708064
389 19.331336035235044
390 19.329318816163443
391 19.327322804533004
392 19.325347777380202
393 19.323393514085755
394 19.321459796350027
395 19.31954640816873
396 19.317653135808538
397 19.315779767783493
398 19.313926094831082
399 19.312091909889144
400 19.31027700807252
401 19.308481186650205
402 19.30670424502275
403 19.304945984699824
404 19.303206209277963
405 19.3014847244188
406 19.299781337827056
407 19.29809585922946
408 19.296428100353065
409 19.294777874904444
410 19.29314499854891
411 19.291529288889816
412 19.289930565448184
413 19.288348649642494
414 19.286783364768976
415 19.285234535981495
416 19.283701990272334
417 19.282185556452696
418 19.280685065133593
419 19.279200348707025
420 19.277731241327036
421 19.27627757889147
422 19.274839199023386
423 19.27341594105309
424 19.272007646000066
425 19.270614156555304
426 19.26923531706366
427 19.267870973506433
428 19.266520973484347
429 19.265185166200222
430 19.26386340244246
431 19.262555534568087
432 19.261261416486406
433 19.259980903642713
434 19.25871385300205
435 19.25746012303326
436 19.256219573693162
437 19.254992066410864
438 19.2537774640725
439 19.252575631005584
440 19.25138643296414
441 19.250209737113487
442 19.249045412015537
443 19.2478933276141
444 19.24675335522025
445 19.24562536749815
446 19.244509238450547
447 19.243404843404917
448 19.24231205899951
449 19.241230763169465
450 19.240160835133295
451 19.239102155379285
452 19.238054605652145
453 19.23701806894002
454 19.235992429461085
455 19.23497757265082
456 19.23397338514919
457 19.23297975478789
458 19.23199657057794
459 19.23102372269718
460 19.230061102478103
461 19.229108602395616
462 19.228166116055057
463 19.22723353818035
464 19.226310764602264
465 19.225397692246606
466 19.224494219122978
467 19.22360024431314
468 19.22271566795986
469 19.22184039125577
470 19.22097431643224
471 19.220117346748488
472 19.219269386480903
473 19.218430340912118
474 19.217600116320625
475 19.216778619970267
476 19.215965760099742
477 19.215161445912525
478 19.214365587566647
479 19.213578096164706
480 19.212798883743844
481 19.21202786326598
482 19.211264948608097
483 19.210510054552614
484 19.2097630967779
485 19.209023991848763
486 19.208292657207153
487 19.207569011163105
488 19.20685297288529
489 19.206144462392327
490 19.20544340054367
491 19.20474970903073
492 19.204063310368255
493 19.203384127885574
494 19.202712085718066
495 19.202047108798748
496 19.201389122849744
497 19.200738054374142
498 19.20009383064773
499 19.19945637971077
500 19.198825630360194
501 19.198201512141296
502 19.197583955340225
503 19.19697289097613
504 19.1963682507931
505 19.195769967253035
506 19.195177973527798
507 19.194592203491826
508 19.194012591714745
509 19.193439073454055
510 19.192871584647946
511 19.19231006190808
512 19.191754442512444
513 19.19120466439862
514 19.190660666156454
515 19.190122387021567
516 19.18958976686833
517 19.1890627462032
518 19.188541266158165
519 19.188025268484065
520 19.187514695544152
521 19.187009490307567
522 19.18650959634306
523 19.18601495781266
524 19.185525519465454
525 19.18504122663123
526 19.18456202521478
527 19.184087861689463
528 19.183618683091314
529 19.18315443701332
530 19.182695071599365
531 19.18224053553851
532 19.18179077805921
533 19.18134574892374
534 19.18090539842262
535 19.18046967736876
536 19.18003853709235
537 19.179611929435193
538 19.179189806745377
539 19.17877212187198
540 19.17835882815978
541 19.17794987944402
542 19.177545230045364
543 19.177144834764565
544 19.17674864887771
545 19.17635662813101
546 19.175968728735864
547 19.17558490736414
548 19.175205121143126
549 19.174829327650876
550 19.174457484911475
551 19.174089551390168
552 19.173725485989067
553 19.173365248042124
554 19.173008797310988
555 19.172656093980283
556 19.17230709865316
557 19.171961772347075
558 19.171620076489184
559 19.17128197291225
560 19.17094742385027
561 19.170616391934278
562 19.17028884018812
563 19.16996473202455
564 19.1696440312407
565 19.1693267020145
566 19.169012708900464
567 19.168702016825684
568 19.168394591086034
569 19.168090397342155
570 19.16778940161581
571 19.16749157028593
572 19.167196870084904
573 19.166905268094837
574 19.166616731743982
575 19.166331228802918
576 19.166048727381153
577 19.165769195923428
578 19.165492603206136
579 19.165218918334137
580 19.164948110736905
581 19.1646801501654
582 19.1644150066885
583 19.164152650689925
584 19.16389305286455
585 19.16363618421548
586 19.163382016050612
587 19.16313051997951
588 19.16288166791012
589 19.16263543204593
590 19.16239178488245
591 19.162150699204393
592 19.16191214808264
593 19.161676104871173
594 19.161442543204053
595 19.16121143699268
596 19.160982760422428
597 19.160756487950405
598 19.16053259430203
599 19.160311054468526
600 19.160091843703967
601 19.159874937522677
602 19.15966031169636
603 19.15944794225139
604 19.159237805466237
605 19.159029877868683
606 19.15882413623342
607 19.15862055757915
608 19.158419119166307
609 19.158219798494283
610 19.158022573299032
611 19.15782742155074
612 19.157634321450924
613 19.157443251430493
614 19.157254190146983
615 19.157067116482366
616 19.156882009540617
617 19.156698848645433
618 19.15651761333779
619 19.156338283373803
620 19.15616083872246
621 19.155985259563273
622 19.15581152628413
623 19.155639619479114
624 19.155469519946323
625 19.155301208685803
626 19.15513466689723
627 19.154969875977976
628 19.154806817520992
629 19.15464547331273
630 19.154485825331143
631 19.154327855743652
632 19.154171546905154
633 19.154016881355965
634 19.1538638418201
635 19.153712411203138
636 19.15356257259033
637 19.153414309244738
638 19.153267604605524
639 19.153122442285852
640 19.152978806071065
641 19.152836679917208
642 19.152696047948805
643 19.15255689445738
644 19.152419203899488
645 19.152282960895274
646 19.15214815022641
647 19.152014756834674
648 19.151882765819998
649 19.151752162439145
650 19.15162293210377
651 19.151495060378902
652 19.15136853298137
653 19.15124333577812
654 19.15111945478468
655 19.150996876163635
656 19.15087558622303
657 19.150755571414848
658 19.150636818333446
659 19.150519313714216
660 19.150403044431982
661 19.150287997499504
662 19.15017416006611
663 19.150061519416173
664 19.14995006296792
665 19.14983977827161
666 19.14973065300856
667 19.149622674989512
668 19.14951583215342
669 19.149410112565967
670 19.14930550441833
671 19.149201996025905
672 19.149099575826767
673 19.148998232380716
674 19.14889795436768
675 19.148798730586766
676 19.148700549954622
677 19.14860340150457
678 19.1485072743852
679 19.148412157859163
680 19.148318041301955
681 19.148224914200856
682 19.14813276615362
683 19.148041586867336
684 19.14795136615738
685 19.147862093946074
686 19.14777376026183
687 19.1476863552378
688 19.147599869110888
689 19.14751429222064
690 19.147429615008182
691 19.147345828015116
692 19.147262921882497
693 19.147180887349716
694 19.14709971525357
695 19.147019396527256
696 19.1469399221991
697 19.146861283391946
698 19.146783471321854
699 19.146706477297307
700 19.146630292718047
701 19.146554909074318
702 19.14648031794586
703 19.146406511000812
704 19.14633347999505
705 19.146261216771027
706 19.146189713256963
707 19.146118961465955
708 19.146048953495107
709 19.145979681524558
710 19.145911137816608
711 19.145843314715076
712 19.145776204644058
713 19.145709800107465
714 19.145644093687885
715 19.145579078046044
716 19.145514745919613
717 19.14545109012281
718 19.145388103545304
719 19.145325779151502
720 19.14526410997983
721 19.145203089141926
722 19.14514270982172
723 19.145082965274884
724 19.145023848827993
725 19.144965353877833
726 19.144907473890488
727 19.14485020240083
728 19.14479353301164
729 19.144737459392946
730 19.14468197528145
731 19.14462707447954
732 19.144572750854863
733 19.144518998339485
734 19.144465810929322
735 19.144413182683262
736 19.144361107722855
737 19.14430958023134
738 19.144258594453124
739 19.144208144693103
740 19.144158225316083
741 19.14410883074611
742 19.14405995546581
743 19.144011594015907
744 19.143963740994355
745 19.143916391056102
746 19.143869538912117
747 19.143823179329047
748 19.14377730712859
749 19.143731917186805
750 19.143687004433694
751 19.143642563852538
752 19.143598590479304
753 19.14355507940223
754 19.143512025761133
755 19.143469424746943
756 19.143427271601194
757 19.143385561615343
758 19.143344290130482
759 19.143303452536532
760 19.143263044271986
761 19.14322306082329
762 19.14318349772428
763 19.143144350555797
764 19.143105614945135
765 19.143067286565525
766 19.143029361135724
767 19.142991834419487
768 19.142954702225083
769 19.142917960404855
770 19.142881604854846
771 19.142845631514064
772 19.142810036364367
773 19.142774815429764
774 19.1427399647761
775 19.142705480510628
776 19.14267135878139
777 19.14263759577707
778 19.142604187726327
779 19.142571130897558
780 19.142538421598257
781 19.14250605617482
782 19.142474031012128
783 19.142442342532938
784 19.142410987197668
785 19.14237996150392
786 19.14234926198616
787 19.142318885215317
788 19.14228882779824
789 19.142259086377575
790 19.14222965763126
791 19.142200538272064
792 19.142171725047362
793 19.14214321473877
794 19.142115004161717
795 19.142087090165038
796 19.142059469630823
797 19.142032139473827
798 19.142005096641302
799 19.14197833811259
800 19.14195186089878
801 19.14192566204234
802 19.14189973861694
803 19.141874087726894
804 19.141848706507012
805 19.1418235921223
806 19.141798741767428
807 19.141774152666596
808 19.141749822073304
809 19.141725747269746
810 19.141701925566885
811 19.141678354303753
812 19.141655030847506
813 19.141631952592906
814 19.14160911696213
815 19.141586521404488
816 19.14156416339603
817 19.141542040439365
818 19.14152015006338
819 19.141498489822997
820 19.14147705729869
821 19.141455850096484
822 19.141434865847575
823 19.141414102208028
824 19.141393556858578
825 19.14137322750422
826 19.141353111874313
827 19.14133320772188
828 19.141313512823594
829 19.141294024979633
830 19.14127474201319
831 19.14125566177032
832 19.141236782119865
833 19.141218100952855
834 19.141199616182732
835 19.1411813257447
836 19.141163227595747
837 19.141145319714287
838 19.141127600100074
839 19.141110066773784
840 19.141092717777013
841 19.141075551171806
842 19.14105856504074
843 19.141041757486462
844 19.141025126631487
845 19.141008670618294
846 19.14099238760869
847 19.140976275783853
848 19.140960333344125
849 19.14094455850873
850 19.140928949515683
851 19.140913504621366
852 19.140898222100695
853 19.140883100246594
854 19.140868137369914
855 19.14085333179936
856 19.14083868188111
857 19.140824185978857
858 19.140809842473335
859 19.14079564976242
860 19.140781606260795
861 19.140767710399803
862 19.140753960627272
863 19.14074035540736
864 19.14072689322043
865 19.140713572562696
866 19.140700391946275
867 19.140687349898926
868 19.140674444963754
869 19.140661675699402
870 19.140649040679538
871 19.140636538492764
872 19.140624167742654
873 19.1406119270474
874 19.14059981503969
875 19.14058783036665
876 19.14057597168957
877 19.14056423768388
878 19.140552627038883
879 19.140541138457646
880 19.140529770656947
881 19.140518522366968
882 19.140507392331326
883 19.140496379306786
884 19.140485482063173
885 19.140474699383304
886 19.14046403006274
887 19.140453472909762
888 19.14044302674506
889 19.140432690401898
890 19.140422462725653
891 19.140412342573914
892 19.140402328816265
893 19.140392420334187
894 19.14038261602089
895 19.140372914781246
896 19.140363315531626
897 19.14035381719984
898 19.140344418724858
899 19.14033511905694
900 19.14032591715728
901 19.140316811998044
902 19.140307802562198
903 19.14029888784335
904 19.14029006684583
905 19.14028133858424
906 19.1402727020837
907 19.140264156379427
908 19.14025570051698
909 19.1402473335518
910 19.140239054549273
911 19.14023086258468
912 19.140222756743
913 19.14021473611876
914 19.14020679981609
915 19.140198946948473
916 19.14019117663881
917 19.140183488019126
918 19.14017588023064
919 19.140168352423537
920 19.140160903756893
921 19.14015353339886
922 19.14014624052605
923 19.14013902432387
924 19.140131883986303
925 19.140124818715783
926 19.14011782772308
927 19.140110910227357
928 19.140104065455894
929 19.140097292644164
930 19.1400905910356
931 19.140083959881693
932 19.140077398441704
933 19.140070905982732
934 19.140064481779632
935 19.140058125114745
936 19.14005183527804
937 19.140045611567004
938 19.14003945328642
939 19.140033359748397
940 19.1400273302723
941 19.14002136418463
942 19.140015460819004
943 19.140009619516025
944 19.140003839623233
945 19.139998120494912
946 19.13999246149237
947 19.139986861983434
948 19.13998132134263
949 19.139975838951134
950 19.139970414196533
951 19.13996504647284
952 19.13995973518053
953 19.139954479726363
954 19.139949279523226
955 19.139944133990372
956 19.139939042552935
957 19.139934004642242
958 19.139929019695575
959 19.139924087156135
960 19.139919206472932
961 19.1399143771008
962 19.13990959850034
963 19.139904870137695
964 19.139900191484774
965 19.139895562018992
966 19.139890981223175
967 19.13988644858572
968 19.139881963600264
969 19.13987752576591
970 19.139873134586935
971 19.139868789572795
972 19.13986449023821
973 19.13986023610293
974 19.13985602669177
975 19.13985186153451
976 19.139847740165987
977 19.139843662125724
978 19.13983962695833
979 19.139835634212993
980 19.13983168344377
981 19.13982777420937
982 19.139823906073087
983 19.139820078602902
984 19.139816291371247
985 19.139812543955106
986 19.13980883593592
987 19.139805166899468
988 19.139801536435936
989 19.13979794413981
990 19.13979438960982
991 19.139790872448902
992 19.13978739226429
993 19.139783948667144
994 19.139780541272845
995 19.139777169700803
996 19.13977383357441
997 19.139770532521023
998 19.139767266171944
999 19.139764034162265
