0 194.83676395996406
1 70.65030313344697
2 57.182232918311456
3 45.26024919977557
4 41.425204889925396
5 38.26243724591233
6 36.48512829883702
7 35.20745836580768
8 34.33290292583148
9 33.67821721044643
10 33.17150649154422
11 32.75735724303838
12 32.40537243431755
13 32.095596865239926
14 31.8158283368062
15 31.55814506195031
16 31.31739344497675
17 31.09009218703882
18 30.87382535664951
19 30.66685312477356
20 30.46787863908245
21 30.275901182779556
22 30.090124549792737
23 29.909898230339714
24 29.734679140794924
25 29.564006016879436
26 29.39748182828925
27 29.234761312763
28 29.07554185809915
29 28.919556618907823
30 28.766569167441933
31 28.616369227469505
32 28.46876919638089
33 28.323601258037993
34 28.180714950862402
35 28.0399750955704
36 27.90126001322501
37 27.76445998191451
38 27.62947589250219
39 27.496218072461037
40 27.364605253013952
41 27.234563659410096
42 27.106026207678884
43 26.978931793932354
44 26.853224664450504
45 26.72885385652817
46 26.60577270149004
47 26.483938382459442
48 26.36331154045523
49 26.24385592322298
50 26.125538071915113
51 26.00832704133788
52 25.892194150006553
53 25.777112756696322
54 25.66305806056796
55 25.550006922287274
56 25.437937703852562
57 25.326830125105147
58 25.216665135125197
59 25.10742479691718
60 24.99909218396468
61 24.891651287392232
62 24.78508693260827
63 24.679384704428866
64 24.574530879786625
65 24.470512367229183
66 24.367316652495557
67 24.26493174953532
68 24.163346156403257
69 24.062548815523208
70 23.962529077867963
71 23.863276670650514
72 23.76478166816458
73 23.66703446545023
74 23.570025754495923
75 23.473746502716484
76 23.378187933475598
77 23.283341508445066
78 23.18919891161457
79 23.095752034785278
80 23.002992964397816
81 22.91091396956151
82 22.81950749116375
83 22.728766131952952
84 22.638682647498086
85 22.54924993793877
86 22.460461040447413
87 22.372309122334777
88 22.284787474735587
89 22.197889506818488
90 22.11160874046958
91 22.02593880540441
92 21.940873434667353
93 21.856406460482166
94 21.772531810420336
95 21.68924350385767
96 21.60653564869233
97 21.524402438300857
98 21.44283814870921
99 21.36183713596074
100 21.28139383366254
101 21.201502750694406
102 21.122158469066477
103 21.043355641912168
104 20.965088991604674
105 20.887353307986874
106 20.810143446704675
107 20.733454327635094
108 20.657280933401516
109 20.58161830796909
110 20.506461555312814
111 20.4318058381543
112 20.357646376759863
113 20.28397844779664
114 20.210797383241403
115 20.138098569338823
116 20.065877445604798
117 19.99412950387181
118 19.922850287373986
119 19.852035389867456
120 19.78168045478542
121 19.711781174424083
122 19.64233328915822
123 19.573332586684007
124 19.50477490128751
125 19.43665611313735
126 19.368972147599663
127 19.301718974574094
128 19.23489260785013
129 19.16848910448157
130 19.102504564179025
131 19.036935128718856
132 18.97177698136783
133 18.907026346322713
134 18.84267948816391
135 18.778732711322373
136 18.715182359559556
137 18.6520248154587
138 18.589256499928393
139 18.526873871716617
140 18.464873426935224
141 18.403251698594524
142 18.342005256147385
143 18.281130705042255
144 18.22062468628523
145 18.160483876010204
146 18.10070498505718
147 18.041284758558483
148 17.982219975531944
149 17.923507448481804
150 17.865144023006174
151 17.80712657741117
152 17.749452022331525
153 17.692117300357513
154 17.635119385667753
155 17.578455283667804
156 17.5221220306345
157 17.466116693365596
158 17.41043636883501
159 17.35507818385277
160 17.30003929473031
161 17.24531688695049
162 17.190908174842356
163 17.136810401260366
164 17.08302083726849
165 17.02953678182812
166 16.97635556149077
167 16.923474530094516
168 16.8708910684648
169 16.81860258411897
170 16.76660651097481
171 16.714900309062926
172 16.66348146424262
173 16.612347487921618
174 16.561495916779155
175 16.510924312492726
176 16.460630261468115
177 16.410611374572753
178 16.3608652868725
179 16.311389657371468
180 16.26218216875513
181 16.213240527136353
182 16.16456246180473
183 16.11614572497876
184 16.067988091560853
185 16.02008735889541
186 15.972441346529711
187 15.925047895977482
188 15.877904870485253
189 15.831010154801628
190 15.784361654948704
191 15.737957297996822
192 15.691795031841236
193 15.645872824981723
194 15.600188666304502
195 15.554740564866712
196 15.50952654968335
197 15.464544669516505
198 15.419792992666912
199 15.37526960676811
200 15.330972618582503
201 15.286900153800003
202 15.243050356838761
203 15.199421390648075
204 15.15601143651366
205 15.112818693864707
206 15.069841380083512
207 15.027077730316822
208 14.984525997289406
209 14.942184451119632
210 14.900051379137098
211 14.85812508570221
212 14.81640389202766
213 14.774886136001927
214 14.733570172014751
215 14.692454370784288
216 14.651537119186301
217 14.610816820085208
218 14.570291892166768
219 14.529960769772785
220 14.489821902737512
221 14.449873756225678
222 14.410114810572487
223 14.37054356112515
224 14.331158518086252
225 14.291958206358625
226 14.252941165392022
227 14.214105949031435
228 14.175451125366878
229 14.136975276585034
230 14.098676998822109
231 14.06055490201865
232 14.02260760977566
233 13.98483375921234
234 13.94723200082526
235 13.909800998349139
236 13.872539428619012
237 13.835445981433955
238 13.798519359422116
239 13.761758277907282
240 13.725161464776894
241 13.688727660351324
242 13.652455617254649
243 13.616344100286806
244 13.580391886296935
245 13.54459776405833
246 13.508960534144448
247 13.473479008806363
248 13.43815201185158
249 13.402978378523938
250 13.36795695538495
251 13.333086600196308
252 13.298366181803676
253 13.263794580021704
254 13.229370685520161
255 13.195093399711494
256 13.160961634639246
257 13.126974312867954
258 13.09313036737416
259 13.059428741438225
260 13.025868388537855
261 12.992448272242276
262 12.959167366107723
263 12.926024653574098
264 12.89301912786244
265 12.86014979187384
266 12.827415658089118
267 12.794815748469738
268 12.762349094359674
269 12.730014736388338
270 12.697811724374569
271 12.665739117231483
272 12.63379598287259
273 12.601981398118607
274 12.57029444860545
275 12.538734228693155
276 12.507299841375616
277 12.475990398191502
278 12.444805019135993
279 12.413742832573346
280 12.382802975150552
281 12.35198459171188
282 12.321286835214107
283 12.29070886664299
284 12.260249854930295
285 12.229908976871855
286 12.199685417046476
287 12.16957836773569
288 12.139587028844332
289 12.109710607821965
290 12.079948319585013
291 12.050299386440084
292 12.020763038007598
293 11.991338511146528
294 11.962025049879928
295 11.932821905321074
296 11.903728335600539
297 11.87474360579398
298 11.845866987850682
299 11.817097760522763
300 11.78843520929537
301 11.759878626317297
302 11.73142731033255
303 11.70308056661256
304 11.674837706889079
305 11.646698049287817
306 11.61866091826283
307 11.590725644531407
308 11.562891565009897
309 11.535158022749986
310 11.507524366875762
311 11.479989952521448
312 11.452554140769715
313 11.425216298590689
314 11.39797579878159
315 11.370832019907018
316 11.343784346239804
317 11.316832167702584
318 11.289974879809911
319 11.263211883610955
320 11.236542585632927
321 11.209966397824893
322 11.183482737502379
323 11.157091027292456
324 11.130790695079417
325 11.104581173950983
326 11.07846190214518
327 11.052432322997628
328 11.02649188488954
329 11.000640041196123
330 10.974876250235628
331 10.949199975218825
332 10.923610684199142
333 10.89810785002323
334 10.872690950282076
335 10.847359467262532
336 10.822112887899644
337 10.796950703729058
338 10.771872410840322
339 10.746877509830387
340 10.72196550575773
341 10.69713590809699
342 10.672388230693999
343 10.647721991721237
344 10.623136713634002
345 10.59863192312661
346 10.574207151089604
347 10.549861932566825
348 10.525595806713431
349 10.501408316754098
350 10.477299009941587
351 10.453267437516056
352 10.429313154664447
353 10.405435720480549
354 10.381634697925378
355 10.357909653787912
356 10.334260158646414
357 10.310685786829904
358 10.287186116380376
359 10.26376072901505
360 10.240409210089277
361 10.217131148559668
362 10.19392613694776
363 10.170793771303943
364 10.147733651171764
365 10.12474537955274
366 10.101828562871352
367 10.078982810940552
368 10.056207736927567
369 10.03350295732002
370 10.010868091892538
371 9.988302763673516
372 9.965806598912462
373 9.943379227047464
374 9.921020280673151
375 9.898729395508859
376 9.87650621036727
377 9.854350367123297
378 9.832261510683246
379 9.81023928895445
380 9.78828335281507
381 9.766393356084274
382 9.744568955492749
383 9.72280981065351
384 9.701115584032932
385 9.679485940922238
386 9.65792054940914
387 9.63641908034986
388 9.614981207341456
389 9.593606606694308
390 9.572294957405097
391 9.551045941129816
392 9.529859242157363
393 9.50873454738312
394 9.487671546282987
395 9.466669930887617
396 9.445729395756947
397 9.424849637954976
398 9.404030357024805
399 9.383271254963992
400 9.362572036200103
401 9.341932407566446
402 9.321352078278261
403 9.300830759909045
404 9.280368166367014
405 9.259964013871995
406 9.239618020932495
407 9.219329908322953
408 9.199099399061305
409 9.178926218386726
410 9.15881009373764
411 9.138750754729957
412 9.118747933135484
413 9.098801362860717
414 9.078910779925565
415 9.05907592244262
416 9.03929653059647
417 9.019572346623125
418 8.999903114789992
419 8.980288581375696
420 8.960728494650306
421 8.941222604855724
422 8.921770664186347
423 8.902372426769727
424 8.883027648647696
425 8.863736087757514
426 8.844497503913262
427 8.825311658787355
428 8.806178315892511
429 8.787097240563476
430 8.76806819993934
431 8.749090962945834
432 8.730165300277813
433 8.71129098438204
434 8.692467789439979
435 8.673695491350916
436 8.654973867715162
437 8.636302697817515
438 8.617681762610788
439 8.599110844699577
440 8.58058972832421
441 8.562118199344814
442 8.543696045225568
443 8.525323055019141
444 8.50699901935125
445 8.488723730405427
446 8.470496981907862
447 8.452318569112567
448 8.434188288786443
449 8.416105939194786
450 8.398071320086665
451 8.380084232680717
452 8.362144479650878
453 8.34425186511236
454 8.326406194607792
455 8.308607275093456
456 8.290854914925598
457 8.273148923847117
458 8.255489112974129
459 8.237875294782793
460 8.220307283096306
461 8.202784893071902
462 8.185307941188201
463 8.167876245232394
464 8.150489624287884
465 8.13314789872178
466 8.115850890172682
467 8.098598421538567
468 8.081390316964725
469 8.064226401831922
470 8.047106502744604
471 8.030030447519298
472 8.012998065173061
473 7.996009185912057
474 7.979063641120329
475 7.962161263348606
476 7.9453018863032305
477 7.928485344835254
478 7.911711474929598
479 7.894980113694348
480 7.878291099350125
481 7.861644271219644
482 7.845039469717287
483 7.828476536338827
484 7.811955313651297
485 7.795475645282861
486 7.779037375912913
487 7.7626403512621795
488 7.746284418082959
489 7.729969424149497
490 7.713695218248418
491 7.697461650169214
492 7.681268570694959
493 7.665115831592986
494 7.6490032856057715
495 7.632930786441789
496 7.61689818876656
497 7.600905348193797
498 7.584952121276574
499 7.569038365498585
500 7.5531639392655645
501 7.537328701896809
502 7.521532513616589
503 7.505775235545935
504 7.490056729694295
505 7.474376858951376
506 7.458735487079004
507 7.443132478703186
508 7.4275676993060795
509 7.412041015218191
510 7.39655229361062
511 7.381101402487287
512 7.3656882106774075
513 7.350312587827928
514 7.334974404396003
515 7.319673531641698
516 7.304409841620648
517 7.289183207176814
518 7.273993501935341
519 7.258840600295435
520 7.243724377423422
521 7.228644709245725
522 7.213601472442046
523 7.198594544438563
524 7.183623803401156
525 7.168689128228817
526 7.1537903985469695
527 7.138927494701027
528 7.1241002977498615
529 7.109308689459463
530 7.09455255229658
531 7.0798317694224595
532 7.065146224686643
533 7.0504958026208655
534 7.035880388432919
535 7.021299868000694
536 7.006754127866192
537 6.9922430552296495
538 6.97776653794374
539 6.963324464507713
540 6.948916724061774
541 6.93454320638138
542 6.920203801871659
543 6.905898401561864
544 6.891626897099881
545 6.8773891807468175
546 6.8631851453716175
547 6.849014684445752
548 6.8348776920379315
549 6.820774062808917
550 6.806703692006384
551 6.792666475459733
552 6.778662309575131
553 6.764691091330451
554 6.75075271827033
555 6.7368470885012695
556 6.7229741006868196
557 6.709133654042679
558 6.695325648332037
559 6.681549983860834
560 6.667806561473054
561 6.654095282546219
562 6.6404160489866975
563 6.626768763225286
564 6.613153328212674
565 6.599569647415035
566 6.586017624809648
567 6.572497164880555
568 6.559008172614233
569 6.545550553495416
570 6.532124213502774
571 6.518729059104857
572 6.505364997255891
573 6.492031935391738
574 6.478729781425825
575 6.46545844374513
576 6.452217831206281
577 6.439007853131538
578 6.425828419305013
579 6.412679439968749
580 6.399560825818937
581 6.386472488002136
582 6.373414338111592
583 6.3603862881834985
584 6.347388250693296
585 6.3344201385521846
586 6.321481865103432
587 6.308573344118815
588 6.295694489795212
589 6.282845216751032
590 6.270025440022783
591 6.2572350750617325
592 6.244474037730437
593 6.231742244299474
594 6.219039611444088
595 6.206366056240954
596 6.193721496164938
597 6.181105849085816
598 6.168519033265181
599 6.155960967353264
600 6.143431570385821
601 6.1309307617810385
602 6.118458461336492
603 6.106014589226116
604 6.09359906599722
605 6.081211812567528
606 6.068852750222222
607 6.056521800611045
608 6.044218885745455
609 6.031943927995741
610 6.019696850088205
611 6.007477575102391
612 5.995286026468307
613 5.98312212796369
614 5.970985803711285
615 5.958876978176206
616 5.946795576163186
617 5.934741522814069
618 5.922714743605108
619 5.910715164344403
620 5.898742711169406
621 5.886797310544304
622 5.874878889257585
623 5.862987374419531
624 5.851122693459748
625 5.839284774124757
626 5.827473544475576
627 5.815688932885362
628 5.8039308680369945
629 5.79219927892079
630 5.780494094832147
631 5.768815245369311
632 5.75716266043103
633 5.745536270214361
634 5.7339360052124215
635 5.722361796212195
636 5.710813574292343
637 5.6992912708210435
638 5.687794817453833
639 5.676324146131547
640 5.664879189078111
641 5.653459878798592
642 5.642066148077039
643 5.630697929974493
644 5.619355157826949
645 5.608037765243363
646 5.596745686103653
647 5.585478854556781
648 5.57423720501878
649 5.563020672170817
650 5.551829190957312
651 5.540662696584043
652 5.52952112451628
653 5.518404410476919
654 5.507312490444696
655 5.49624530065229
656 5.4852027775846
657 5.474184857976909
658 5.463191478813183
659 5.452222577324256
660 5.441278090986147
661 5.430357957518314
662 5.419462114881996
663 5.408590501278454
664 5.397743055147428
665 5.386919715165369
666 5.3761204202438675
667 5.365345109528014
668 5.354593722394819
669 5.3438661984515985
670 5.33316247753441
671 5.322482499706494
672 5.31182620525674
673 5.301193534698139
674 5.290584428766277
675 5.279998828417861
676 5.269436674829204
677 5.258897909394744
678 5.248382473725595
679 5.237890309648133
680 5.227421359202529
681 5.21697556464133
682 5.206552868428084
683 5.196153213235941
684 5.185776541946244
685 5.17542279764719
686 5.1650919236324855
687 5.154783863399984
688 5.144498560650379
689 5.13423595928587
690 5.123996003408875
691 5.113778637320715
692 5.103583805520386
693 5.093411452703229
694 5.083261523759724
695 5.0731339637742145
696 5.0630287180237
697 5.052945731976584
698 5.042884951291506
699 5.032846321816114
700 5.0228297895858764
701 5.012835300822907
702 5.002862801934827
703 4.992912239513571
704 4.98298356033426
705 4.973076711354067
706 4.963191639711102
707 4.953328292723267
708 4.943486617887198
709 4.93366656287714
710 4.923868075543861
711 4.914091103913613
712 4.904335596187024
713 4.894601500738065
714 4.884888766113016
715 4.875197341029416
716 4.865527174375029
717 4.855878215206863
718 4.8462504127501065
719 4.836643716397191
720 4.827058075706738
721 4.817493440402671
722 4.8079497603731
723 4.798426985669536
724 4.788925066505775
725 4.779443953257057
726 4.769983596459068
727 4.760543946807073
728 4.751124955154896
729 4.7417265725141275
730 4.7323487500531405
731 4.722991439096197
732 4.713654591122589
733 4.704338157765751
734 4.695042090812366
735 4.685766342201536
736 4.676510864023858
737 4.667275608520675
738 4.658060528083133
739 4.648865575251389
740 4.639690702713822
741 4.630535863306122
742 4.621401010010559
743 4.612286095955118
744 4.603191074412744
745 4.594115898800518
746 4.5850605226788925
747 4.576024899750881
748 4.567008983861333
749 4.55801272899611
750 4.549036089281395
751 4.540079018982873
752 4.531141472505013
753 4.522223404390352
754 4.513324769318729
755 4.504445522106553
756 4.495585617706109
757 4.486745011204828
758 4.477923657824585
759 4.469121512920983
760 4.460338531982661
761 4.4515746706306265
762 4.442829884617528
763 4.43410412982701
764 4.4253973622730225
765 4.416709538099169
766 4.408040613578006
767 4.399390545110437
768 4.3907592892250396
769 4.382146802577396
770 4.373553041949484
771 4.36497796424904
772 4.356421526508893
773 4.34788368588641
774 4.339364399662799
775 4.330863625242531
776 4.322381320152743
777 4.313917442042615
778 4.305471948682774
779 4.297044797964692
780 4.288635947900113
781 4.2802453566204575
782 4.27187298237625
783 4.263518783536529
784 4.255182718588295
785 4.246864746135915
786 4.238564824900623
787 4.230282913719878
788 4.222018971546872
789 4.213772957449967
790 4.205544830612156
791 4.197334550330494
792 4.189142076015606
793 4.180967367191137
794 4.172810383493205
795 4.164671084669936
796 4.1565494305808635
797 4.148445381196499
798 4.140358896597759
799 4.132289936975489
800 4.124238462629965
801 4.11620443397036
802 4.108187811514312
803 4.100188555887374
804 4.092206627822565
805 4.084241988159858
806 4.07629459784573
807 4.06836441793267
808 4.060451409578711
809 4.052555534046966
810 4.044676752705144
811 4.036815027025146
812 4.0289703185825205
813 4.021142589056088
814 4.013331800227451
815 4.00553791398055
816 3.997760892301246
817 3.990000697276839
818 3.982257291095661
819 3.9745306360466466
820 3.966820694518878
821 3.959127429001183
822 3.9514508020816845
823 3.943790776447418
824 3.936147314883874
825 3.928520380274612
826 3.920909935600839
827 3.9133159439409915
828 3.9057383684703586
829 3.8981771724606533
830 3.8906323192796113
831 3.8831037723906316
832 3.8755914953523476
833 3.8680954518182262
834 3.860615605536231
835 3.8531519203484006
836 3.8457043601904575
837 3.838272889091466
838 3.830857471173422
839 3.8234580706509
840 3.81607465183067
841 3.8087071791113436
842 3.801355616982984
843 3.7940199300267645
844 3.7867000829146105
845 3.7793960404088143
846 3.7721077673617125
847 3.764835228715317
848 3.7575783895009502
849 3.7503372148389365
850 3.743111669938218
851 3.7359017200960305
852 3.7287073306975596
853 3.7215284672155917
854 3.7143650952102085
855 3.707217180328427
856 3.7000846883038516
857 3.692967584956403
858 3.6858658361919305
859 3.6787794080019167
860 3.6717082664631677
861 3.664652377737459
862 3.6576117080712365
863 3.6505862237953126
864 3.6435758913245313
865 3.6365806771574567
866 3.6296005478760867
867 3.6226354701455312
868 3.6156854107136844
869 3.608750336410966
870 3.6018302141499894
871 3.594925010925272
872 3.588034693812931
873 3.5811592299703996
874 3.574298586636123
875 3.5674527311292716
876 3.560621630849454
877 3.5538052532764217
878 3.5470035659697907
879 3.54021653656876
880 3.5334441327918173
881 3.5266863224364555
882 3.519943073378931
883 3.5132143535739386
884 3.506500131054367
885 3.4998003739310124
886 3.4931150503923147
887 3.4864441287040737
888 3.479787577209224
889 3.4731453643274963
890 3.4665174585552156
891 3.4599038284650128
892 3.4533044427055537
893 3.4467192700013127
894 3.4401482791522846
895 3.4335914390337257
896 3.4270487185959277
897 3.420520086863924
898 3.4140055129372895
899 3.4075049659898395
900 3.4010184152694096
901 3.3945458300976017
902 3.3880871798695362
903 3.381642434053615
904 3.375211562191259
905 3.368794533896706
906 3.3623913188567216
907 3.356001886830389
908 3.3496262076488783
909 3.343264251215201
910 3.3369159875039527
911 3.3305813865611293
912 3.3242604185038513
913 3.317953053520164
914 3.31165926186878
915 3.305379013878885
916 3.299112279949871
917 3.29285903055116
918 3.286619236221934
919 3.2803928675709484
920 3.2741798952762875
921 3.2679802900851547
922 3.2617940228136453
923 3.2556210643465584
924 3.249461385637128
925 3.2433149577068647
926 3.237181751645307
927 3.2310617386098164
928 3.224954889825365
929 3.2188611765843325
930 3.2127805702463
931 3.206713042237831
932 3.2006585640522536
933 3.1946171072494933
934 3.18858864345584
935 3.182573144363743
936 3.1765705817316174
937 3.170580927383652
938 3.164604153209587
939 3.1586402311645387
940 3.1526891332687823
941 3.1467508316075774
942 3.140825298330936
943 3.1349125056534706
944 3.1290124258541647
945 3.123125031276212
946 3.1172502943267992
947 3.1113881874769147
948 3.1055386832611913
949 3.099701754277674
950 3.0938773731876723
951 3.0880655127155485
952 3.0822661456485236
953 3.076479244836528
954 3.070704783191986
955 3.0649427336896524
956 3.059193069366409
957 3.053455763321116
958 3.0477307887143934
959 3.0420181187684654
960 3.0363177267669945
961 3.0306295860548627
962 3.0249536700380393
963 3.0192899521833687
964 3.013638406018434
965 3.007999005131343
966 3.0023717231705858
967 2.9967565338448416
968 2.9911534109228204
969 2.9855623282330916
970 2.979983259663908
971 2.974416179163047
972 2.96886106073762
973 2.96331787845393
974 2.9577866064373137
975 2.952267218871919
976 2.946759690000623
977 2.9412639941247924
978 2.9357801056041635
979 2.9303079988566685
980 2.9248476483582766
981 2.9193990286428204
982 2.91396211430186
983 2.908536879984491
984 2.9031233003972163
985 2.897721350303774
986 2.8923310045249715
987 2.886952237938551
988 2.8815850254790125
989 2.8762293421374756
990 2.870885162961509
991 2.865552463054989
992 2.8602312175779367
993 2.854921401746377
994 2.8496229908321817
995 2.844335960162908
996 2.8390602851216733
997 2.8337959411469744
998 2.828542903732558
999 2.823301148427276
