0 188.0287882407749
1 66.7708233244825
2 54.75272372202388
3 44.27094724835776
4 41.104577392822314
5 38.64394305454206
6 37.248322948756304
7 36.20921285026828
8 35.42909810243046
9 34.782290654320704
10 34.22298894149646
11 33.71960491840721
12 33.25616771736314
13 32.82266203517323
14 32.413099898534234
15 32.02351525104287
16 31.65119572533866
17 31.29415721887086
18 30.950883528878258
19 30.620163736717217
20 30.30099936800968
21 29.992545289912062
22 29.694072146783043
23 29.404940912696322
24 29.12458518400477
25 28.85249831356224
26 28.588223782419657
27 28.331347770971707
28 28.081493286991158
29 27.838315422308526
30 27.601497451543807
31 27.37074757327254
32 27.14579615219509
33 26.926393359475856
34 26.71230713508063
35 26.503321414551625
36 26.299234575949264
37 26.09985807231885
38 25.905015222135024
39 25.714540135478718
40 25.52827675772963
41 25.34607801565705
42 25.16780505321994
43 24.99332654631085
44 24.822518087228133
45 24.655261630927217
46 24.49144499614607
47 24.330961415374034
48 24.173709128374618
49 24.019591014600945
50 23.868514260386775
51 23.72039005726614
52 23.575133328182144
53 23.432662478706284
54 23.29289917070319
55 23.15576811615394
56 23.02119688909731
57 22.889115753865628
58 22.759457507985818
59 22.632157338287733
60 22.507152688915582
61 22.384383140074753
62 22.263790296467214
63 22.145317684478762
64 22.028910657277475
65 21.91451630706902
66 21.802083383834145
67 21.691562219939566
68 21.582904660079013
69 21.47606399605358
70 21.370994905952806
71 21.267653397339792
72 21.165996754085974
73 21.06598348653404
74 20.967573284702038
75 20.870726974268656
76 20.775406475105175
77 20.681574762144038
78 20.589195828392402
79 20.498234649919905
80 20.408657152663896
81 20.320430180912723
82 20.233521467338758
83 20.14789960446671
84 20.063534017472005
85 19.98039493821488
86 19.898453380423348
87 19.817681115947593
88 19.738050652013236
89 19.659535209409505
90 19.582108701552134
91 19.50574571436737
92 19.430421486947246
93 19.35611189293019
94 19.28279342256659
95 19.210443165429517
96 19.13903879373661
97 19.068558546250024
98 18.998981212724686
99 18.930286118877728
100 18.86245311185255
101 18.7954625461547
102 18.72929527003735
103 18.663932612315723
104 18.599356369591472
105 18.535548793869637
106 18.47249258055111
107 18.410170856785385
108 18.348567170169005
109 18.28766547777596
110 18.227450135507116
111 18.16790588774728
112 18.109017857317358
113 18.05077153571181
114 17.993152773610817
115 17.936147771657517
116 17.879743071491347
117 17.82392554702857
118 17.7686823959821
119 17.714001131612072
120 17.65986957470081
121 17.606275845743625
122 17.553208357349845
123 17.500655806846805
124 17.448607169080926
125 17.397051689409576
126 17.34597887687833
127 17.295378497577577
128 17.245240568173998
129 17.19555534961079
130 17.14631334097246
131 17.097505273509487
132 17.049122104817688
133 17.001155013168354
134 16.953595391985
135 16.906434844462193
136 16.85966517832318
137 16.81327840071139
138 16.767266713213655
139 16.721622507009954
140 16.676338358147504
141 16.631407022935008
142 16.586821433454432
143 16.54257469318653
144 16.49866007274764
145 16.455071005734503
146 16.41180108467426
147 16.368844057076817
148 16.32619382158713
149 16.283844424234395
150 16.241790054775862
151 16.200025043132804
152 16.1585438559161
153 16.117341093039173
154 16.076411484416045
155 16.03574988674225
156 15.995351280356584
157 15.955210766181352
158 15.9153235627394
159 15.87568500324575
160 15.836290532771969
161 15.797135705481555
162 15.758216181934186
163 15.719527726457503
164 15.681066204584388
165 15.642827580554112
166 15.604807914876002
167 15.567003361953573
168 15.52941016776805
169 15.49202466761936
170 15.454843283923712
171 15.417862524065496
172 15.381078978303078
173 15.344489317726289
174 15.308090292264906
175 15.271878728746527
176 15.235851529002707
177 15.200005668022097
178 15.164338192149488
179 15.128846217329391
180 15.093526927393391
181 15.05837757238986
182 15.02339546695505
183 14.988577988724739
184 14.95392257678497
185 14.919426730161462
186 14.885088006346217
187 14.850904019860781
188 14.816872440854915
189 14.782990993740114
190 14.749257455856892
191 14.71566965617496
192 14.682225474025671
193 14.648922837865875
194 14.615759724072122
195 14.582734155764928
196 14.549844201661942
197 14.517087974959562
198 14.484463632242125
199 14.451969372418164
200 14.4196034356828
201 14.387364102505876
202 14.355249692645078
203 14.323258564183346
204 14.291389112590288
205 14.259639769806343
206 14.228009003350126
207 14.19649531544727
208 14.16509724218116
209 14.133813352664427
210 14.102642248230952
211 14.071582561647755
212 14.040632956346542
213 14.009792125673831
214 13.97905879216001
215 13.94843170680603
216 13.917909648388036
217 13.887491422778869
218 13.857175862286516
219 13.826961825008665
220 13.796848194203529
221 13.766833877675579
222 13.73691780717716
223 13.707098937824213
224 13.677376247526885
225 13.647748736433744
226 13.618215426390146
227 13.588775360409494
228 13.559427602157877
229 13.530171235451364
230 13.501005363765298
231 13.471929109756369
232 13.442941614795746
233 13.414042038514216
234 13.38522955835835
235 13.356503369157533
236 13.327862682701747
237 13.299306727329773
238 13.27083474752745
239 13.242446003535925
240 13.21413977096942
241 13.185915340442568
242 13.157772017206735
243 13.12970912079562
244 13.10172598467905
245 13.073821955925919
246 13.045996394874901
247 13.018248674813604
248 12.990578181665422
249 12.962984313684258
250 12.935466481156597
251 12.908024106110998
252 12.880656622034788
253 12.85336347359755
254 12.826144116381672
255 12.798998016619228
256 12.77192465093563
257 12.744923506099243
258 12.717994078777595
259 12.691135875299144
260 12.664348411421262
261 12.63763121210359
262 12.610983811287333
263 12.584405751679588
264 12.557896584543391
265 12.531455869492566
266 12.505083174291777
267 12.478778074661593
268 12.452540154088055
269 12.426369003637305
270 12.400264221774394
271 12.374225414186828
272 12.348252193612286
273 12.322344179670663
274 12.296500998700203
275 12.270722283597586
276 12.245007673662117
277 12.219356814443545
278 12.193769357593842
279 12.168244960722324
280 12.14278328725464
281 12.117384006295078
282 12.09204679249215
283 12.066771325907682
284 12.041557291889022
285 12.016404380944374
286 11.991312288621145
287 11.966280715387416
288 11.941309366516203
289 11.916397951972591
290 11.891546186303676
291 11.86675378853119
292 11.842020482046635
293 11.817345994509196
294 11.792730057746079
295 11.768172407655188
296 11.743672784110375
297 11.719230930868763
298 11.6948465954807
299 11.670519529201508
300 11.64624948690573
301 11.622036227003294
302 11.597879511357792
303 11.57377910520673
304 11.549734777083824
305 11.525746298743032
306 11.501813445084604
307 11.477935994082914
308 11.454113726715892
309 11.4303464268965
310 11.406633881405527
311 11.382975879826382
312 11.359372214481136
313 11.335822680368414
314 11.312327075102623
315 11.288885198854775
316 11.265496854294692
317 11.242161846534662
318 11.218879983074435
319 11.195651073747614
320 11.172474930669303
321 11.149351368185043
322 11.126280202821036
323 11.103261253235587
324 11.080294340171632
325 11.057379286410555
326 11.034515916727026
327 11.011704057844977
328 10.988943538394755
329 10.966234188871153
330 10.943575841592533
331 10.920968330660912
332 10.898411491923182
333 10.875905162933035
334 10.853449182914023
335 10.831043392723304
336 10.808687634816543
337 10.786381753213389
338 10.764125593463953
339 10.741919002616171
340 10.719761829183652
341 10.697653923114709
342 10.675595135761832
343 10.653585319852075
344 10.631624329458049
345 10.609712019969724
346 10.587848248066862
347 10.566032871692014
348 10.544265750024502
349 10.522546743454606
350 10.500875713558617
351 10.479252523074544
352 10.45767703587826
353 10.436149116960282
354 10.41466863240315
355 10.39323544935927
356 10.37184943602941
357 10.350510461641594
358 10.329218396430605
359 10.307973111617908
360 10.286774479392093
361 10.265622372889789
362 10.244516666177061
363 10.223457234231153
364 10.202443952922856
365 10.181476698999099
366 10.160555350066067
367 10.139679784572746
368 10.118849881794835
369 10.098065521818947
370 10.077326585527343
371 10.056632954582986
372 10.035984511414911
373 10.015381139203896
374 9.9948227218687
375 9.974309144052336
376 9.953840291108927
377 9.93341604909063
378 9.913036304735165
379 9.892700945453376
380 9.872409859317212
381 9.85216293504798
382 9.831960062004963
383 9.811801130174029
384 9.79168603015688
385 9.771614653160384
386 9.751586890985942
387 9.731602636019597
388 9.711661781221913
389 9.691764220118372
390 9.67190984678984
391 9.652098555863395
392 9.632330242503281
393 9.61260480240207
394 9.592922131772061
395 9.573282127336952
396 9.55368468632353
397 9.53412970645374
398 9.514617085936816
399 9.495146723461698
400 9.4757185181895
401 9.456332369746264
402 9.436988178215863
403 9.41768584413301
404 9.398425268476458
405 9.379206352662486
406 9.36002899853826
407 9.340893108375642
408 9.321798584864904
409 9.302745331108765
410 9.283733250616514
411 9.26476224729815
412 9.245832225458832
413 9.226943089793417
414 9.208094745380965
415 9.189287097679605
416 9.170520052521347
417 9.151793516107128
418 9.133107395001803
419 9.114461596129518
420 9.095856026768892
421 9.077290594548534
422 9.058765207442562
423 9.0402797737662
424 9.021834202171549
425 9.003428401643424
426 8.985062281495257
427 8.96673575136511
428 8.94844872121178
429 8.93020110131103
430 8.911992802251804
431 8.89382373493263
432 8.875693810558085
433 8.857602940635218
434 8.839551036970265
435 8.821538011665222
436 8.803563777114682
437 8.785628246002569
438 8.767731331299064
439 8.749872946257579
440 8.732053004411739
441 8.714271419572473
442 8.696528105825232
443 8.67882297752707
444 8.661155949304025
445 8.643526936048428
446 8.625935852916255
447 8.608382615324587
448 8.590867138949132
449 8.573389339721755
450 8.555949133828044
451 8.538546437705048
452 8.52118116803889
453 8.503853241762615
454 8.48656257605388
455 8.469309088332867
456 8.452092696260188
457 8.434913317734765
458 8.417770870891811
459 8.400665274100882
460 8.383596445963896
461 8.366564305313302
462 8.349568771210082
463 8.332609762942075
464 8.315687200022099
465 8.298801002186199
466 8.28195108939195
467 8.265137381816801
468 8.248359799856335
469 8.23161826412277
470 8.214912695443262
471 8.198243014858411
472 8.18160914362072
473 8.165011003193117
474 8.14844851524746
475 8.131921601663086
476 8.115430184525476
477 8.09897418612477
478 8.08255352895448
479 8.06616813571012
480 8.049817929287947
481 8.033502832783602
482 8.017222769490905
483 8.000977662900612
484 7.984767436699192
485 7.968592014767624
486 7.952451321180258
487 7.936345280203655
488 7.920273816295397
489 7.904236854103109
490 7.888234318463226
491 7.872266134400019
492 7.856332227124548
493 7.840432522033512
494 7.824566944708396
495 7.808735420914387
496 7.792937876599335
497 7.777174237892939
498 7.761444431105647
499 7.745748382727842
500 7.730086019428828
501 7.714457268056005
502 7.69886205563395
503 7.683300309363517
504 7.667771956621036
505 7.6522769249574205
506 7.6368151420973485
507 7.62138653593847
508 7.605991034550542
509 7.590628566174698
510 7.575299059222625
511 7.560002442275814
512 7.544738644084796
513 7.529507593568385
514 7.514309219812972
515 7.499143452071745
516 7.484010219764056
517 7.4689094524746205
518 7.453841079952901
519 7.438805032112386
520 7.4238012390299515
521 7.4088296309451165
522 7.3938901382594615
523 7.378982691535992
524 7.364107221498409
525 7.349263659030568
526 7.33445193517583
527 7.319671981136434
528 7.304923728272898
529 7.2902071081034325
530 7.2755220523033435
531 7.260868492704437
532 7.2462463612944905
533 7.231655590216601
534 7.217096111768706
535 7.202567858403006
536 7.188070762725377
537 7.173604757494884
538 7.15916977562321
539 7.1447657501741375
540 7.130392614363042
541 7.116050301556354
542 7.101738745271057
543 7.087457879174169
544 7.0732076370822705
545 7.058987952961003
546 7.044798760924549
547 7.030639995235166
548 7.01651159030276
549 7.002413480684316
550 6.988345601083485
551 6.974307886350142
552 6.960300271479887
553 6.946322691613594
554 6.932375082036956
555 6.918457378180079
556 6.904569515616999
557 6.890711430065267
558 6.876883057385495
559 6.863084333580938
560 6.849315194797094
561 6.835575577321224
562 6.8218654175820035
563 6.8081846521490235
564 6.794533217732473
565 6.780911051182707
566 6.767318089489733
567 6.753754269783003
568 6.740219529330863
569 6.726713805540231
570 6.7132370359561735
571 6.69978915826153
572 6.68637011027656
573 6.672979829958489
574 6.659618255401229
575 6.646285324834888
576 6.63298097662551
577 6.619705149274625
578 6.606457781418902
579 6.593238811829828
580 6.580048179413272
581 6.566885823209175
582 6.553751682391199
583 6.540645696266331
584 6.527567804274577
585 6.51451794598857
586 6.501496061113281
587 6.488502089485585
588 6.475535971074011
589 6.4625976459783345
590 6.449687054429285
591 6.436804136788179
592 6.4239488335465795
593 6.4111210853260365
594 6.3983208328776495
595 6.3855480170818035
596 6.372802578947814
597 6.360084459613668
598 6.347393600345596
599 6.3347299425378445
600 6.322093427712306
601 6.309483997518216
602 6.29690159373184
603 6.2843461582561435
604 6.27181763312051
605 6.259315960480414
606 6.246841082617095
607 6.234392941937291
608 6.221971480972886
609 6.2095766423806555
610 6.197208368941898
611 6.184866603562228
612 6.172551289271156
613 6.1602623692219165
614 6.147999786691065
615 6.135763485078267
616 6.123553407905946
617 6.1113694988190055
618 6.099211701584539
619 6.0870799600915735
620 6.074974218350716
621 6.062894420493911
622 6.050840510774169
623 6.03881243356522
624 6.026810133361284
625 6.014833554776765
626 6.002882642546002
627 5.990957341522919
628 5.9790575966808195
629 5.967183353112079
630 5.955334556027844
631 5.943511150757815
632 5.931713082749911
633 5.919940297570029
634 5.908192740901773
635 5.8964703585461535
636 5.884773096421374
637 5.873100900562483
638 5.861453717121206
639 5.849831492365556
640 5.838234172679655
641 5.826661704563491
642 5.815114034632546
643 5.803591109617624
644 5.79209287636455
645 5.780619281833926
646 5.769170273100867
647 5.7577457973547315
648 5.746345801898858
649 5.734970234150322
650 5.72361904163967
651 5.712292172010698
652 5.700989573020125
653 5.689711192537382
654 5.678456978544378
655 5.66722687913522
656 5.656020842515942
657 5.644838817004291
658 5.633680751029477
659 5.622546593131873
660 5.611436291962841
661 5.600349796284404
662 5.589287054969081
663 5.578248016999575
664 5.567232631468539
665 5.556240847578372
666 5.545272614640931
667 5.5343278820772905
668 5.523406599417521
669 5.512508716300452
670 5.501634182473393
671 5.490782947791913
672 5.479954962219625
673 5.4691501758279
674 5.458368538795675
675 5.447610001409179
676 5.436874514061717
677 5.426162027253384
678 5.415472491590955
679 5.404805857787504
680 5.394162076662233
681 5.383541099140247
682 5.3729428762523215
683 5.362367359134635
684 5.351814499028577
685 5.341284247280498
686 5.3307765553414646
687 5.320291374767078
688 5.309828657217161
689 5.299388354455625
690 5.288970418350184
691 5.27857480087212
692 5.268201454096108
693 5.257850330199906
694 5.247521381464238
695 5.237214560272482
696 5.226929819110466
697 5.216667110566271
698 5.206426387329961
699 5.196207602193409
700 5.186010708050065
701 5.175835657894674
702 5.165682404823138
703 5.15555090203226
704 5.14544110281952
705 5.13535296058283
706 5.125286428820381
707 5.11524146113038
708 5.105218011210827
709 5.095216032859308
710 5.085235479972798
711 5.075276306547399
712 5.065338466678181
713 5.055421914558912
714 5.045526604481892
715 5.035652490837696
716 5.025799528114973
717 5.015967670900275
718 5.0061568738777735
719 4.996367091829091
720 4.986598279633092
721 4.976850392265648
722 4.967123384799459
723 4.957417212403776
724 4.9477318303443
725 4.938067193982872
726 4.928423258777324
727 4.918799980281234
728 4.9091973141437455
729 4.899615216109358
730 4.890053642017699
731 4.880512547803336
732 4.870991889495567
733 4.861491623218217
734 4.852011705189414
735 4.842552091721452
736 4.833112739220463
737 4.823693604186351
738 4.814294643212488
739 4.80491581298556
740 4.79555707028537
741 4.78621837198459
742 4.776899675048622
743 4.767600936535345
744 4.75832211359495
745 4.749063163469705
746 4.739824043493824
747 4.730604711093156
748 4.721405123785123
749 4.712225239178405
750 4.7030650149728
751 4.693924408959024
752 4.68480337901851
753 4.6757018831231925
754 4.666619879335345
755 4.657557325807379
756 4.648514180781605
757 4.639490402590116
758 4.6304859496545046
759 4.621500780485761
760 4.612534853684004
761 4.603588127938335
762 4.594660562026612
763 4.585752114815298
764 4.576862745259236
765 4.56799241240149
766 4.559141075373097
767 4.550308693392966
768 4.54149522576758
769 4.532700631890913
770 4.52392487124418
771 4.515167903395646
772 4.506429688000478
773 4.497710184800522
774 4.489009353624132
775 4.480327154385977
776 4.471663547086848
777 4.463018491813515
778 4.454391948738487
779 4.44578387811983
780 4.437194240301039
781 4.428622995710796
782 4.4200701048628135
783 4.411535528355636
784 4.403019226872489
785 4.394521161181036
786 4.386041292133273
787 4.377579580665289
788 4.3691359877971
789 4.360710474632471
790 4.352303002358777
791 4.343913532246719
792 4.335542025650264
793 4.3271884440063735
794 4.3188527488348765
795 4.310534901738276
796 4.302234864401568
797 4.293952598592074
798 4.285688066159238
799 4.277441229034497
800 4.269212049231052
801 4.261000488843718
802 4.252806510048765
803 4.244630075103707
804 4.236471146347144
805 4.228329686198593
806 4.220205657158303
807 4.212099021807093
808 4.204009742806169
809 4.195937782896969
810 4.187883104900931
811 4.179845671719419
812 4.171825446333462
813 4.163822391803639
814 4.155836471269861
815 4.147867647951259
816 4.139915885145954
817 4.1319811462309195
818 4.1240633946618255
819 4.11616259397282
820 4.1082787077764085
821 4.100411699763263
822 4.092561533702057
823 4.0847281734392995
824 4.076911582899155
825 4.0691117260833085
826 4.061328567070761
827 4.053562070017688
828 4.045812199157267
829 4.03807891879951
830 4.030362193331093
831 4.022661987215205
832 4.014978264991362
833 4.007310991275277
834 3.99966013075866
835 3.9920256482090783
836 3.9844075084697748
837 3.976805676459526
838 3.969220117172463
839 3.9616507956779237
840 3.9540976771202656
841 3.9465607267187433
842 3.9390399097673043
843 3.9315351916344867
844 3.9240465377631644
845 3.9165739136705
846 3.9091172849476985
847 3.901676617259897
848 3.8942518763459653
849 3.8868430280184034
850 3.8794500381631227
851 3.8720728727393263
852 3.8647114977793438
853 3.8573658793884573
854 3.8500359837447804
855 3.8427217770990607
856 3.8354232257745546
857 3.8281402961668567
858 3.8208729547437352
859 3.8136211680450005
860 3.806384902682346
861 3.7991641253391686
862 3.7919588027704396
863 3.784768901802542
864 3.7775943893331183
865 3.77043523233092
866 3.7632913978356504
867 3.7561628529578086
868 3.7490495648785584
869 3.7419515008495203
870 3.7348686281927215
871 3.7278009143003272
872 3.7207483266345798
873 3.713710832727599
874 3.7066884001812435
875 3.6996809966669755
876 3.6926885899257007
877 3.6857111477676128
878 3.6787486380720407
879 3.671801028787329
880 3.664868287930656
881 3.6579503835879073
882 3.6510472839135133
883 3.644158957130312
884 3.6372853715294027
885 3.6304264954699925
886 3.6235822973792553
887 3.6167527457521738
888 3.6099378091514214
889 3.60313745620718
890 3.596351655617035
891 3.5895803761457827
892 3.582823586625336
893 3.5760812559545427
894 3.569353353099064
895 3.5626398470912077
896 3.555940707029822
897 3.5492559020801018
898 3.5425854014735108
899 3.535929174507562
900 3.5292871905457504
901 3.5226594190173564
902 3.516045829417345
903 3.5094463913061733
904 3.5028610743097093
905 3.4962898481190625
906 3.4897326824904247
907 3.4831895472449714
908 3.4766604122686773
909 3.470145247512226
910 3.4636440229908363
911 3.457156708784121
912 3.4506832750359697
913 3.4442236919544134
914 3.437777929811449
915 3.431345958942944
916 3.4249277497484902
917 3.4185232726912247
918 3.4121324982977743
919 3.4057553971580345
920 3.3993919399250885
921 3.393042097315054
922 3.386705840106955
923 3.3803831391425523
924 3.374073965326279
925 3.367778289625016
926 3.361496083068041
927 3.355227316746846
928 3.3489719618150064
929 3.342729989488084
930 3.3365013710434304
931 3.330286077820118
932 3.3240840812187695
933 3.317895352701439
934 3.311719863791483
935 3.3055575860734048
936 3.2994084911927595
937 3.2932725508559986
938 3.287149736830341
939 3.2810400209436574
940 3.2749433750843173
941 3.268859771201076
942 3.262789181302938
943 3.256731577459033
944 3.250686931798479
945 3.2446552165102576
946 3.238636403843085
947 3.2326304661052885
948 3.226637375664676
949 3.2206571049483865
950 3.2146896264428024
951 3.2087349126933895
952 3.2027929363045993
953 3.196863669939703
954 3.1909470863207074
955 3.1850431582281904
956 3.1791518585012097
957 3.173273160037148
958 3.167407035791612
959 3.161553458778286
960 3.155712402068823
961 3.149883838792718
962 3.1440677421371657
963 3.1382640853469597
964 3.1324728417243635
965 3.126693984628978
966 3.120927487477629
967 3.1151733237442265
968 3.109431466959669
969 3.103701890711704
970 3.0979845686447884
971 3.09227947446002
972 3.086586581914952
973 3.080905864823518
974 3.0752372970559017
975 3.06958085253839
976 3.0639365052532734
977 3.058304229238747
978 3.0526839985887455
979 3.0470757874528562
980 3.0414795700361745
981 3.035895320599219
982 3.030323013457775
983 3.024762622982796
984 3.0192141236002996
985 3.013677489791198
986 3.008152696091252
987 3.0026397170908887
988 2.9971385274351126
989 2.9916491018233957
990 2.986171415009547
991 2.9807054418015904
992 2.9752511570616726
993 2.969808535705925
994 2.9643775527043523
995 2.9589581830807155
996 2.9535504019124272
997 2.948154184330431
998 2.9427695055190664
999 2.937396340715987
